0.0000000000000000
0.0158877010023222
0.0000000000000000
0.0214951248854948
0.0000000000000000
0.0271025487686673
0.0000000000000000
0.0327099726518399
0.0000000000000000
0.0383173965350124
0.0000000000000000
0.0439248204181850
0.0000000000000000
0.0495322443013575
0.0000000000000000
0.0261321158169134
0.0474890340300701
0.0373315940241620
0.0642498695700948
0.0485310722314105
0.0810107051101195
0.0597305504386591
0.0977715406501443
0.0709300286459077
0.1145323761901690
0.0821295068531563
0.1312932117301938
0.0933289850604049
0.1480540472702185
0.1045284632676535
0.0519779227044398
0.0785700672632652
0.0742541752920569
0.1063006792385353
0.0965304278796740
0.1340312912138054
0.1188066804672910
0.1617619031890755
0.1410829330549081
0.1894925151643455
0.1633591856425252
0.2172231271396156
0.1856354382301422
0.2449537391148857
0.2079116908177593
0.0772542485937368
0.1087902703976804
0.1103632122767669
0.1471868364203912
0.1434721759597970
0.1855834024431019
0.1765811396428271
0.2239799684658127
0.2096901033258572
0.2623765344885234
0.2427990670088872
0.3007731005112342
0.2759080306919173
0.3391696665339449
0.3090169943749474
0.1016841607689500
0.1378185445637910
0.1452630868127858
0.1864603838215995
0.1888420128566215
0.2351022230794081
0.2324209389004572
0.2837440623372167
0.2759998649442930
0.3323859015950253
0.3195787909881287
0.3810277408528339
0.3631577170319644
0.4296695801106424
0.4067366430758002
0.1250000000000000
0.1653368499152760
0.1785714285714285
0.2236910322383146
0.2321428571428571
0.2820452145613532
0.2857142857142856
0.3403993968843919
0.3392857142857142
0.3987535792074304
0.3928571428571428
0.4571077615304691
0.4464285714285713
0.5154619438535076
0.4999999999999999
0.1469463130731183
0.1910436901401292
0.2099233043901690
0.2584708748954689
0.2729002957072197
0.3258980596508086
0.3358772870242703
0.3933252444061484
0.3988542783413211
0.4607524291614881
0.4618312696583717
0.5281796139168278
0.5248082609754224
0.5956067986721675
0.5877852522924731
0.1672826515897145
0.2146574157173448
0.2389752165567350
0.2904188565587605
0.3106677815237556
0.3661802974001763
0.3823603464907760
0.4419417382415922
0.4540529114577966
0.5177031790830079
0.5257454764248171
0.5934646199244238
0.5974380413918375
0.6692260607658396
0.6691306063588581
0.1857862063693485
0.2359193097280090
0.2654088662419265
0.3191849484555416
0.3450315261145044
0.4024505871830741
0.4246541859870823
0.4857162259106068
0.5042768458596604
0.5689818646381393
0.5838995057322383
0.6522475033656719
0.6635221656048161
0.7355131420932045
0.7431448254773941
0.2022542485937369
0.2545964224120037
0.2889346408481955
0.3444539832632991
0.3756150331026542
0.4343115441145945
0.4622954253571128
0.5241691049658900
0.5489758176115715
0.6140266658171853
0.6356562098660301
0.7038842266684808
0.7223366021204888
0.7937417875197762
0.8090169943749475
0.2165063509461096
0.2704841234143259
0.3092947870658709
0.3659491081487939
0.4020832231856322
0.4614140928832619
0.4948716593053935
0.5568790776177299
0.5876600954251547
0.6523440623521978
0.6804485315449160
0.7478090470866658
0.7732369676646773
0.8432740318211338
0.8660254037844386
0.2283863644106502
0.2834083437580791
0.3262662348723575
0.3834348180256364
0.4241461053340647
0.4834612922931937
0.5220259757957719
0.5834877665607511
0.6199058462574792
0.6835142408283084
0.7177857167191863
0.7835407150958658
0.8156655871808935
0.8835671893634230
0.9135454576426009
0.2377641290737884
0.2932274829806100
0.3396630415339834
0.3967195357972959
0.4415619539941784
0.5002115886139817
0.5434608664543734
0.6037036414306677
0.6453597789145685
0.7071956942473535
0.7472586913747635
0.8106877470640395
0.8491576038349584
0.9141797998807253
0.9510565162951535
0.2445369001834514
0.2998339605378096
0.3493384288335020
0.4056577113158601
0.4541399574835526
0.5114814620939105
0.5589414861336032
0.6173052128719612
0.6637430147836538
0.7231289636500116
0.7685445434337044
0.8289527144280621
0.8733460720837549
0.9347764652061125
0.9781476007338056
0.2486304738420683
0.3031553944790670
0.3551863912029548
0.4101514160599142
0.4617423085638412
0.5171474376407614
0.5682982259247276
0.6241434592216086
0.6748541432856140
0.7311394808024558
0.7814100606465004
0.8381355023833030
0.8879659780073869
0.9451315239641502
0.9945218953682733
0.2500000000000000
0.3031553944790670
0.3571428571428572
0.4101514160599142
0.4642857142857143
0.5171474376407614
0.5714285714285714
0.6241434592216086
0.6785714285714286
0.7311394808024558
0.7857142857142857
0.8381355023833030
0.8928571428571428
0.9451315239641502
1.0000000000000000
0.2486304738420684
0.2998339605378096
0.3551863912029548
0.4056577113158601
0.4617423085638412
0.5114814620939105
0.5682982259247277
0.6173052128719612
0.6748541432856141
0.7231289636500116
0.7814100606465005
0.8289527144280621
0.8879659780073869
0.9347764652061125
0.9945218953682734
0.2445369001834514
0.2932274829806100
0.3493384288335020
0.3967195357972959
0.4541399574835527
0.5002115886139817
0.5589414861336032
0.6037036414306677
0.6637430147836539
0.7071956942473535
0.7685445434337045
0.8106877470640395
0.8733460720837550
0.9141797998807253
0.9781476007338057
0.2377641290737884
0.2834083437580791
0.3396630415339835
0.3834348180256364
0.4415619539941785
0.4834612922931937
0.5434608664543735
0.5834877665607511
0.6453597789145685
0.6835142408283084
0.7472586913747635
0.7835407150958658
0.8491576038349585
0.8835671893634230
0.9510565162951536
0.2283863644106502
0.2704841234143259
0.3262662348723575
0.3659491081487939
0.4241461053340648
0.4614140928832619
0.5220259757957719
0.5568790776177299
0.6199058462574792
0.6523440623521979
0.7177857167191865
0.7478090470866660
0.8156655871808937
0.8432740318211339
0.9135454576426010
0.2165063509461097
0.2545964224120038
0.3092947870658710
0.3444539832632992
0.4020832231856323
0.4343115441145947
0.4948716593053935
0.5241691049658902
0.5876600954251548
0.6140266658171856
0.6804485315449161
0.7038842266684811
0.7732369676646773
0.7937417875197765
0.8660254037844387
0.2022542485937369
0.2359193097280090
0.2889346408481955
0.3191849484555416
0.3756150331026542
0.4024505871830742
0.4622954253571128
0.4857162259106069
0.5489758176115715
0.5689818646381395
0.6356562098660301
0.6522475033656722
0.7223366021204888
0.7355131420932047
0.8090169943749475
0.1857862063693486
0.2146574157173449
0.2654088662419266
0.2904188565587608
0.3450315261145046
0.3661802974001765
0.4246541859870825
0.4419417382415924
0.5042768458596606
0.5177031790830082
0.5838995057322385
0.5934646199244241
0.6635221656048165
0.6692260607658400
0.7431448254773945
0.1672826515897146
0.1910436901401293
0.2389752165567351
0.2584708748954690
0.3106677815237557
0.3258980596508088
0.3823603464907762
0.3933252444061486
0.4540529114577967
0.4607524291614883
0.5257454764248173
0.5281796139168281
0.5974380413918378
0.5956067986721678
0.6691306063588583
0.1469463130731183
0.1653368499152761
0.2099233043901690
0.2236910322383148
0.2729002957072197
0.2820452145613534
0.3358772870242704
0.3403993968843921
0.3988542783413211
0.3987535792074307
0.4618312696583718
0.4571077615304693
0.5248082609754225
0.5154619438535080
0.5877852522924732
0.1250000000000001
0.1378185445637911
0.1785714285714287
0.1864603838215998
0.2321428571428573
0.2351022230794084
0.2857142857142859
0.2837440623372171
0.3392857142857145
0.3323859015950257
0.3928571428571431
0.3810277408528344
0.4464285714285717
0.4296695801106430
0.5000000000000003
0.1016841607689501
0.1087902703976805
0.1452630868127859
0.1471868364203913
0.1888420128566216
0.1855834024431021
0.2324209389004574
0.2239799684658129
0.2759998649442932
0.2623765344885237
0.3195787909881289
0.3007731005112345
0.3631577170319646
0.3391696665339453
0.4067366430758004
0.0772542485937369
0.0785700672632653
0.1103632122767670
0.1063006792385354
0.1434721759597971
0.1340312912138055
0.1765811396428272
0.1617619031890756
0.2096901033258572
0.1894925151643457
0.2427990670088873
0.2172231271396159
0.2759080306919174
0.2449537391148860
0.3090169943749475
0.0519779227044399
0.0474890340300703
0.0742541752920571
0.0642498695700950
0.0965304278796742
0.0810107051101198
0.1188066804672913
0.0977715406501446
0.1410829330549084
0.1145323761901694
0.1633591856425255
0.1312932117301942
0.1856354382301426
0.1480540472702190
0.2079116908177597
0.0261321158169134
0.0158877010023224
0.0373315940241621
0.0214951248854950
0.0485310722314107
0.0271025487686676
0.0597305504386593
0.0327099726518402
0.0709300286459079
0.0383173965350128
0.0821295068531565
0.0439248204181854
0.0933289850604051
0.0495322443013579
0.1045284632676537
0.0000000000000000
-0.0158877010023222
0.0000000000000000
-0.0214951248854947
0.0000000000000001
-0.0271025487686672
0.0000000000000001
-0.0327099726518397
0.0000000000000001
-0.0383173965350122
0.0000000000000001
-0.0439248204181848
0.0000000000000001
-0.0495322443013573
0.0000000000000001
-0.0261321158169133
-0.0474890340300699
-0.0373315940241618
-0.0642498695700946
-0.0485310722314104
-0.0810107051101193
-0.0597305504386589
-0.0977715406501439
-0.0709300286459074
-0.1145323761901686
-0.0821295068531560
-0.1312932117301933
-0.0933289850604045
-0.1480540472702180
-0.1045284632676531
-0.0519779227044398
-0.0785700672632651
-0.0742541752920568
-0.1063006792385351
-0.0965304278796738
-0.1340312912138052
-0.1188066804672909
-0.1617619031890752
-0.1410829330549079
-0.1894925151643452
-0.1633591856425250
-0.2172231271396153
-0.1856354382301420
-0.2449537391148853
-0.2079116908177591
-0.0772542485937368
-0.1087902703976803
-0.1103632122767669
-0.1471868364203911
-0.1434721759597970
-0.1855834024431018
-0.1765811396428270
-0.2239799684658125
-0.2096901033258571
-0.2623765344885232
-0.2427990670088871
-0.3007731005112339
-0.2759080306919172
-0.3391696665339446
-0.3090169943749473
-0.1016841607689500
-0.1378185445637908
-0.1452630868127857
-0.1864603838215994
-0.1888420128566214
-0.2351022230794078
-0.2324209389004570
-0.2837440623372164
-0.2759998649442927
-0.3323859015950249
-0.3195787909881284
-0.3810277408528335
-0.3631577170319641
-0.4296695801106420
-0.4067366430757998
-0.1249999999999999
-0.1653368499152760
-0.1785714285714285
-0.2236910322383145
-0.2321428571428570
-0.2820452145613531
-0.2857142857142855
-0.3403993968843917
-0.3392857142857141
-0.3987535792074303
-0.3928571428571426
-0.4571077615304689
-0.4464285714285712
-0.5154619438535074
-0.4999999999999997
-0.1469463130731183
-0.1910436901401291
-0.2099233043901689
-0.2584708748954688
-0.2729002957072196
-0.3258980596508085
-0.3358772870242703
-0.3933252444061482
-0.3988542783413210
-0.4607524291614879
-0.4618312696583717
-0.5281796139168277
-0.5248082609754223
-0.5956067986721673
-0.5877852522924730
-0.1672826515897145
-0.2146574157173446
-0.2389752165567350
-0.2904188565587604
-0.3106677815237555
-0.3661802974001762
-0.3823603464907759
-0.4419417382415919
-0.4540529114577965
-0.5177031790830077
-0.5257454764248169
-0.5934646199244235
-0.5974380413918374
-0.6692260607658392
-0.6691306063588579
-0.1857862063693485
-0.2359193097280089
-0.2654088662419264
-0.3191849484555415
-0.3450315261145044
-0.4024505871830740
-0.4246541859870823
-0.4857162259106066
-0.5042768458596603
-0.5689818646381392
-0.5838995057322381
-0.6522475033656717
-0.6635221656048160
-0.7355131420932043
-0.7431448254773940
-0.2022542485937368
-0.2545964224120037
-0.2889346408481955
-0.3444539832632991
-0.3756150331026542
-0.4343115441145945
-0.4622954253571128
-0.5241691049658901
-0.5489758176115714
-0.6140266658171855
-0.6356562098660300
-0.7038842266684809
-0.7223366021204887
-0.7937417875197763
-0.8090169943749473
-0.2165063509461096
-0.2704841234143259
-0.3092947870658709
-0.3659491081487939
-0.4020832231856321
-0.4614140928832619
-0.4948716593053933
-0.5568790776177299
-0.5876600954251546
-0.6523440623521978
-0.6804485315449158
-0.7478090470866658
-0.7732369676646771
-0.8432740318211338
-0.8660254037844384
-0.2283863644106501
-0.2834083437580791
-0.3262662348723573
-0.3834348180256364
-0.4241461053340645
-0.4834612922931936
-0.5220259757957717
-0.5834877665607510
-0.6199058462574789
-0.6835142408283083
-0.7177857167191861
-0.7835407150958656
-0.8156655871808933
-0.8835671893634229
-0.9135454576426005
-0.2377641290737884
-0.2932274829806100
-0.3396630415339834
-0.3967195357972959
-0.4415619539941784
-0.5002115886139817
-0.5434608664543734
-0.6037036414306677
-0.6453597789145685
-0.7071956942473535
-0.7472586913747635
-0.8106877470640395
-0.8491576038349584
-0.9141797998807253
-0.9510565162951535
-0.2445369001834514
-0.2998339605378096
-0.3493384288335020
-0.4056577113158601
-0.4541399574835526
-0.5114814620939105
-0.5589414861336032
-0.6173052128719611
-0.6637430147836538
-0.7231289636500114
-0.7685445434337044
-0.8289527144280620
-0.8733460720837549
-0.9347764652061124
-0.9781476007338056
-0.2486304738420683
-0.3031553944790670
-0.3551863912029548
-0.4101514160599142
-0.4617423085638412
-0.5171474376407614
-0.5682982259247276
-0.6241434592216086
-0.6748541432856140
-0.7311394808024558
-0.7814100606465004
-0.8381355023833030
-0.8879659780073869
-0.9451315239641502
-0.9945218953682733
-0.2500000000000000
-0.3031553944790670
-0.3571428571428572
-0.4101514160599142
-0.4642857142857143
-0.5171474376407614
-0.5714285714285714
-0.6241434592216086
-0.6785714285714286
-0.7311394808024558
-0.7857142857142857
-0.8381355023833030
-0.8928571428571428
-0.9451315239641502
-1.0000000000000000
-0.2486304738420684
-0.2998339605378096
-0.3551863912029548
-0.4056577113158601
-0.4617423085638412
-0.5114814620939105
-0.5682982259247277
-0.6173052128719612
-0.6748541432856141
-0.7231289636500116
-0.7814100606465005
-0.8289527144280621
-0.8879659780073869
-0.9347764652061125
-0.9945218953682734
-0.2445369001834514
-0.2932274829806100
-0.3493384288335021
-0.3967195357972960
-0.4541399574835527
-0.5002115886139819
-0.5589414861336033
-0.6037036414306678
-0.6637430147836539
-0.7071956942473536
-0.7685445434337046
-0.8106877470640396
-0.8733460720837551
-0.9141797998807254
-0.9781476007338058
-0.2377641290737884
-0.2834083437580791
-0.3396630415339835
-0.3834348180256364
-0.4415619539941785
-0.4834612922931937
-0.5434608664543735
-0.5834877665607511
-0.6453597789145685
-0.6835142408283084
-0.7472586913747635
-0.7835407150958658
-0.8491576038349585
-0.8835671893634230
-0.9510565162951536
-0.2283863644106503
-0.2704841234143260
-0.3262662348723576
-0.3659491081487940
-0.4241461053340648
-0.4614140928832620
-0.5220259757957720
-0.5568790776177300
-0.6199058462574794
-0.6523440623521980
-0.7177857167191866
-0.7478090470866661
-0.8156655871808938
-0.8432740318211340
-0.9135454576426011
-0.2165063509461098
-0.2545964224120038
-0.3092947870658711
-0.3444539832632992
-0.4020832231856324
-0.4343115441145947
-0.4948716593053937
-0.5241691049658902
-0.5876600954251551
-0.6140266658171856
-0.6804485315449164
-0.7038842266684811
-0.7732369676646776
-0.7937417875197765
-0.8660254037844390
-0.2022542485937369
-0.2359193097280090
-0.2889346408481956
-0.3191849484555416
-0.3756150331026543
-0.4024505871830741
-0.4622954253571129
-0.4857162259106068
-0.5489758176115715
-0.5689818646381393
-0.6356562098660302
-0.6522475033656719
-0.7223366021204889
-0.7355131420932045
-0.8090169943749476
-0.1857862063693486
-0.2146574157173448
-0.2654088662419267
-0.2904188565587607
-0.3450315261145047
-0.3661802974001764
-0.4246541859870826
-0.4419417382415923
-0.5042768458596606
-0.5177031790830081
-0.5838995057322386
-0.5934646199244240
-0.6635221656048166
-0.6692260607658398
-0.7431448254773946
-0.1672826515897147
-0.1910436901401293
-0.2389752165567353
-0.2584708748954691
-0.3106677815237559
-0.3258980596508088
-0.3823603464907764
-0.3933252444061486
-0.4540529114577971
-0.4607524291614884
-0.5257454764248176
-0.5281796139168282
-0.5974380413918382
-0.5956067986721679
-0.6691306063588588
-0.1469463130731183
-0.1653368499152760
-0.2099233043901691
-0.2236910322383146
-0.2729002957072198
-0.2820452145613532
-0.3358772870242705
-0.3403993968843919
-0.3988542783413212
-0.3987535792074304
-0.4618312696583719
-0.4571077615304691
-0.5248082609754227
-0.5154619438535076
-0.5877852522924734
-0.1250000000000001
-0.1378185445637910
-0.1785714285714287
-0.1864603838215996
-0.2321428571428573
-0.2351022230794082
-0.2857142857142860
-0.2837440623372168
-0.3392857142857146
-0.3323859015950255
-0.3928571428571432
-0.3810277408528341
-0.4464285714285718
-0.4296695801106427
-0.5000000000000004
-0.1016841607689502
-0.1087902703976806
-0.1452630868127860
-0.1471868364203914
-0.1888420128566219
-0.1855834024431022
-0.2324209389004577
-0.2239799684658130
-0.2759998649442935
-0.2623765344885238
-0.3195787909881293
-0.3007731005112346
-0.3631577170319651
-0.3391696665339454
-0.4067366430758009
-0.0772542485937369
-0.0785700672632652
-0.1103632122767670
-0.1063006792385353
-0.1434721759597971
-0.1340312912138053
-0.1765811396428272
-0.1617619031890754
-0.2096901033258573
-0.1894925151643455
-0.2427990670088874
-0.2172231271396156
-0.2759080306919175
-0.2449537391148856
-0.3090169943749476
-0.0519779227044400
-0.0474890340300702
-0.0742541752920571
-0.0642498695700949
-0.0965304278796742
-0.0810107051101197
-0.1188066804672913
-0.0977715406501445
-0.1410829330549085
-0.1145323761901692
-0.1633591856425256
-0.1312932117301940
-0.1856354382301427
-0.1480540472702187
-0.2079116908177599
-0.0261321158169136
-0.0158877010023224
-0.0373315940241623
-0.0214951248854950
-0.0485310722314109
-0.0271025487686676
-0.0597305504386596
-0.0327099726518402
-0.0709300286459083
-0.0383173965350128
-0.0821295068531570
-0.0439248204181855
-0.0933289850604056
-0.0495322443013581
-0.1045284632676543
