555 541 556 
749 764 748 
748 764 763 
244 243 228 
14 13 898 
29 13 14 
566 567 582 
582 567 568 
538 539 554 
479 463 464 
477 462 463 
477 492 476 
563 564 578 
578 562 563 
570 555 556 
643 644 659 
745 744 729 
668 667 652 
683 667 668 
666 667 681 
652 667 666 
373 374 389 
389 388 373 
404 388 389 
359 374 358 
358 374 373 
763 764 779 
746 745 731 
784 770 785 
757 756 742 
727 742 741 
741 742 756 
771 756 757 
770 755 771 
771 755 756 
253 254 269 
269 284 268 
267 253 268 
268 253 269 
283 284 299 
283 268 284 
232 217 233 
99 84 100 
98 84 99 
185 201 200 
215 214 200 
229 214 215 
229 244 228 
14 898 899 
854 869 853 
877 893 892 
8 892 893 
891 892 6 
877 892 891 
865 880 864 
89 73 74 
83 84 98 
316 330 315 
315 301 316 
568 567 553 
553 567 552 
552 538 553 
553 538 554 
584 599 583 
597 582 583 
583 568 584 
583 582 568 
626 627 642 
629 644 628 
642 627 628 
628 643 642 
644 643 628 
581 582 597 
566 582 581 
581 580 566 
566 580 565 
565 580 564 
536 550 535 
536 535 521 
539 538 523 
524 539 523 
462 477 461 
461 446 462 
461 477 476 
478 479 494 
492 477 478 
463 479 478 
478 477 463 
448 449 464 
464 463 448 
463 462 448 
414 415 430 
535 550 534 
533 519 534 
519 535 534 
589 604 588 
603 604 619 
588 604 603 
508 509 524 
522 507 508 
508 523 522 
524 523 508 
494 509 493 
493 507 492 
492 478 493 
493 478 494 
509 508 493 
493 508 507 
459 473 458 
442 443 458 
459 458 444 
444 458 443 
531 517 532 
532 517 533 
470 455 471 
492 507 491 
476 492 491 
474 473 459 
502 501 487 
659 674 658 
658 643 659 
673 674 689 
673 687 672 
672 658 673 
673 658 674 
641 626 642 
655 656 670 
655 641 656 
700 685 686 
714 729 728 
730 716 731 
730 729 714 
731 745 730 
745 729 730 
711 696 697 
671 687 686 
686 685 671 
672 687 671 
671 685 670 
670 656 671 
671 656 672 
653 668 652 
670 685 669 
683 668 669 
466 481 480 
483 498 497 
497 498 512 
438 453 452 
484 483 468 
469 470 484 
455 470 469 
484 468 469 
469 468 453 
456 441 442 
455 440 456 
471 455 456 
456 440 441 
356 341 357 
372 358 373 
372 371 356 
356 357 372 
372 357 358 
339 354 353 
356 371 370 
355 341 356 
355 354 339 
339 340 355 
355 340 341 
356 370 355 
355 370 354 
329 344 328 
309 294 310 
294 295 310 
337 353 352 
452 436 437 
437 438 452 
319 305 320 
304 305 319 
304 319 303 
303 319 318 
776 790 775 
776 777 792 
776 791 790 
792 791 776 
794 809 793 
838 839 854 
838 853 852 
854 853 838 
792 777 778 
778 779 794 
794 793 778 
778 793 792 
778 777 763 
763 779 778 
747 746 731 
761 776 775 
777 776 761 
752 751 736 
664 650 665 
665 666 681 
650 666 665 
865 864 849 
849 864 863 
819 820 835 
819 804 820 
743 729 744 
743 742 727 
727 728 743 
743 728 729 
754 738 739 
757 773 772 
772 771 757 
773 788 772 
785 770 786 
770 771 786 
771 772 786 
757 742 758 
744 759 758 
758 743 744 
742 743 758 
758 773 757 
758 759 773 
239 254 238 
254 253 238 
268 283 282 
267 268 282 
282 297 281 
283 297 282 
313 314 329 
327 312 313 
313 328 327 
329 328 313 
207 222 206 
216 201 202 
202 217 216 
215 200 216 
216 200 201 
233 217 218 
218 217 202 
246 261 245 
164 148 149 
163 164 179 
148 164 163 
98 99 113 
113 128 112 
134 118 119 
131 130 116 
245 261 260 
304 303 288 
228 243 242 
867 851 852 
852 853 867 
832 846 831 
815 831 830 
830 831 846 
815 814 800 
766 782 781 
781 782 797 
768 784 783 
783 782 768 
797 782 783 
890 891 6 
879 864 880 
879 880 895 
59 74 58 
58 74 73 
6 892 7 
892 8 7 
35 36 51 
52 66 51 
35 51 50 
50 51 66 
141 156 140 
184 170 185 
123 139 138 
40 39 24 
26 41 40 
25 40 24 
26 40 25 
896 10 895 
894 8 893 
895 10 894 
894 879 895 
893 879 894 
584 568 569 
568 553 569 
569 553 554 
551 567 566 
566 565 551 
552 567 551 
551 565 550 
551 536 552 
550 536 551 
564 563 549 
549 565 564 
550 565 549 
549 534 550 
537 521 522 
522 523 537 
537 536 521 
537 523 538 
537 538 552 
552 536 537 
462 446 447 
447 448 462 
418 419 434 
385 370 371 
388 402 387 
373 388 387 
387 372 373 
371 372 387 
404 419 403 
417 402 403 
403 418 417 
419 418 403 
403 388 404 
403 402 388 
399 415 414 
400 415 399 
401 402 417 
401 415 400 
416 430 415 
416 401 417 
415 401 416 
573 589 588 
649 650 664 
619 634 618 
618 603 619 
588 603 602 
705 691 706 
446 461 460 
459 444 460 
445 446 460 
460 444 445 
426 410 411 
429 430 445 
443 428 429 
445 444 429 
429 444 443 
429 428 414 
414 430 429 
516 501 502 
516 517 531 
502 517 516 
516 500 501 
533 534 548 
548 532 533 
534 549 548 
548 549 563 
562 576 561 
499 500 514 
499 483 484 
499 498 483 
514 498 499 
486 470 471 
472 487 486 
471 472 486 
486 487 501 
519 504 520 
521 535 520 
520 535 519 
518 517 502 
518 504 519 
518 519 533 
533 517 518 
475 461 476 
475 474 459 
459 460 475 
475 460 461 
476 491 490 
489 474 490 
490 475 476 
474 475 490 
488 474 489 
488 487 472 
472 473 488 
473 474 488 
489 504 503 
502 487 503 
503 488 489 
487 488 503 
503 518 502 
504 518 503 
672 656 657 
657 658 672 
643 658 657 
656 641 657 
642 643 657 
657 641 642 
689 704 688 
688 673 689 
687 673 688 
715 730 714 
716 730 715 
685 700 684 
683 669 684 
684 669 685 
734 718 719 
731 716 732 
732 747 731 
714 728 713 
681 696 680 
680 665 681 
697 696 682 
682 696 681 
681 667 682 
682 667 683 
639 653 638 
638 624 639 
639 655 654 
654 653 639 
654 655 670 
668 653 654 
670 669 654 
654 669 668 
436 450 435 
465 466 480 
512 511 496 
481 497 496 
496 497 512 
511 510 496 
483 497 482 
482 468 483 
481 466 482 
482 497 481 
455 469 454 
454 440 455 
439 440 454 
453 438 454 
454 438 439 
454 469 453 
442 458 457 
457 456 442 
457 458 473 
471 456 457 
457 472 471 
457 473 472 
619 604 605 
575 576 591 
591 592 606 
324 340 339 
343 344 359 
359 358 343 
358 357 343 
343 328 344 
327 328 342 
328 343 342 
342 357 341 
342 343 357 
337 352 351 
409 410 424 
317 316 301 
317 303 318 
803 788 789 
789 804 803 
775 790 774 
774 788 773 
774 759 775 
773 759 774 
790 789 774 
774 789 788 
806 791 807 
807 822 806 
807 791 792 
792 793 807 
821 820 806 
806 822 821 
835 820 821 
839 838 823 
824 839 823 
775 759 760 
760 761 775 
760 759 744 
746 761 760 
760 744 745 
745 746 760 
763 777 762 
777 761 762 
762 761 746 
762 748 763 
762 747 748 
746 747 762 
710 725 724 
724 725 739 
737 752 736 
738 752 737 
834 819 835 
833 819 834 
818 819 833 
804 819 818 
818 802 803 
803 804 818 
844 828 829 
829 814 815 
815 830 829 
829 830 844 
710 711 726 
741 725 726 
726 725 710 
727 741 726 
740 725 741 
740 741 756 
756 755 740 
739 725 740 
755 754 740 
740 754 739 
738 754 753 
753 752 738 
769 754 755 
770 784 769 
769 755 770 
769 784 768 
769 753 754 
768 753 769 
787 772 788 
787 786 772 
787 788 803 
803 802 787 
234 250 249 
235 250 234 
296 295 281 
281 297 296 
296 297 312 
296 310 295 
299 314 298 
312 297 298 
298 313 312 
314 313 298 
298 283 299 
298 297 283 
193 194 209 
179 194 178 
178 163 179 
194 193 178 
209 224 208 
208 222 207 
207 193 208 
208 193 209 
203 218 202 
204 218 203 
190 175 176 
230 246 245 
245 244 230 
244 229 230 
230 229 215 
293 292 277 
247 246 232 
261 246 247 
247 262 261 
148 163 162 
114 113 99 
128 113 114 
101 117 116 
102 117 101 
103 104 119 
103 117 102 
119 118 103 
118 117 103 
118 134 133 
133 134 149 
149 148 133 
146 160 145 
130 131 145 
145 131 146 
173 188 172 
112 128 127 
157 158 173 
173 172 157 
142 156 141 
141 127 142 
142 157 156 
158 157 142 
173 158 159 
160 175 159 
259 244 245 
259 260 274 
245 260 259 
243 244 259 
274 258 259 
259 258 243 
274 260 275 
272 258 273 
287 272 273 
273 288 287 
273 258 274 
884 899 883 
897 882 883 
898 897 883 
883 899 898 
881 882 897 
895 880 881 
881 896 895 
897 896 881 
865 851 866 
851 867 866 
866 880 865 
866 867 882 
866 881 880 
882 881 866 
868 869 884 
882 867 868 
884 883 868 
868 883 882 
868 853 869 
868 867 853 
859 860 874 
877 891 876 
801 800 785 
785 786 801 
801 787 802 
786 787 801 
799 784 785 
799 800 814 
785 800 799 
799 783 784 
840 825 826 
826 825 811 
811 827 826 
797 783 798 
798 799 814 
783 799 798 
18 34 33 
19 18 3 
34 18 19 
3 18 17 
842 827 828 
826 827 842 
878 893 877 
878 879 893 
864 879 878 
863 864 878 
56 41 57 
72 71 56 
72 58 73 
73 87 72 
72 87 71 
56 57 72 
72 57 58 
86 87 102 
86 101 100 
102 101 86 
71 87 86 
89 104 88 
102 87 88 
88 103 102 
104 103 88 
88 73 89 
88 87 73 
36 22 37 
37 51 36 
52 51 37 
23 22 7 
23 7 8 
141 140 125 
125 140 139 
82 83 98 
155 140 156 
29 44 28 
13 29 28 
28 27 13 
11 27 26 
26 25 11 
11 25 10 
10 896 11 
12 897 898 
12 896 897 
12 898 13 
12 11 896 
13 27 12 
27 11 12 
626 641 640 
639 624 640 
640 655 639 
641 655 640 
599 614 598 
598 612 597 
597 583 598 
598 583 599 
613 614 629 
627 612 613 
629 628 613 
613 628 627 
613 598 614 
612 598 613 
606 592 607 
434 449 433 
433 418 434 
449 448 433 
448 447 433 
384 385 400 
384 399 398 
400 399 384 
386 385 371 
371 387 386 
400 385 386 
386 387 402 
386 401 400 
402 401 386 
414 428 413 
398 399 413 
413 399 414 
430 416 431 
445 430 431 
431 446 445 
431 447 446 
650 649 635 
635 649 634 
652 666 651 
651 666 650 
651 635 636 
650 635 651 
556 572 571 
571 570 556 
603 618 617 
617 618 632 
617 602 603 
679 663 664 
664 665 679 
665 680 679 
679 680 694 
677 663 678 
678 679 694 
663 679 678 
632 618 633 
634 649 633 
633 618 634 
677 661 662 
662 663 677 
632 633 647 
676 661 677 
427 428 443 
441 426 427 
427 443 442 
442 441 427 
531 532 546 
547 563 562 
562 561 547 
547 548 563 
561 546 547 
532 548 547 
547 546 532 
560 576 575 
560 561 576 
515 516 531 
500 516 515 
514 500 515 
515 529 514 
513 498 514 
514 529 513 
512 498 513 
527 511 512 
512 513 527 
501 500 485 
470 486 485 
485 486 501 
484 470 485 
500 499 485 
485 499 484 
522 521 506 
521 520 506 
506 507 522 
506 491 507 
686 687 702 
687 688 702 
733 734 749 
747 732 733 
749 748 733 
748 747 733 
718 734 733 
733 732 718 
699 684 700 
700 715 699 
699 715 714 
714 713 699 
694 680 695 
695 711 710 
696 711 695 
695 680 696 
637 636 622 
622 638 637 
637 638 653 
637 651 636 
637 653 652 
652 651 637 
451 465 450 
451 450 436 
466 465 451 
451 436 452 
541 555 540 
480 481 495 
495 496 510 
481 496 495 
592 591 577 
577 591 576 
577 562 578 
577 576 562 
606 605 590 
590 591 606 
575 591 590 
604 589 590 
590 589 575 
590 605 604 
340 324 325 
325 324 309 
309 310 325 
337 322 338 
338 324 339 
339 353 338 
338 353 337 
308 294 309 
308 307 292 
308 292 293 
293 294 308 
309 324 323 
322 307 323 
323 308 309 
307 308 323 
323 338 322 
324 338 323 
321 307 322 
320 305 321 
281 295 280 
425 440 439 
425 424 410 
439 424 425 
425 426 441 
441 440 425 
410 426 425 
409 424 408 
345 346 360 
392 376 377 
377 378 392 
363 378 377 
345 330 331 
331 346 345 
330 316 331 
347 346 331 
405 406 420 
421 435 420 
436 435 421 
420 406 421 
421 437 436 
379 378 363 
332 317 318 
316 317 332 
332 331 316 
347 331 332 
302 317 301 
287 288 302 
302 288 303 
303 317 302 
805 791 806 
804 789 805 
806 820 805 
820 804 805 
790 791 805 
805 789 790 
808 793 809 
808 807 793 
808 809 824 
822 807 808 
824 823 808 
808 823 822 
835 821 836 
852 851 836 
837 821 822 
822 823 837 
837 823 838 
837 836 821 
837 838 852 
852 836 837 
739 738 723 
708 724 723 
723 724 739 
737 722 723 
738 737 723 
723 722 708 
832 833 848 
833 834 848 
848 834 849 
848 849 863 
802 818 817 
817 818 833 
817 833 832 
832 831 817 
712 713 728 
712 726 711 
712 711 697 
697 713 712 
712 728 727 
727 726 712 
767 753 768 
768 782 767 
752 753 767 
751 752 767 
766 751 767 
767 782 766 
248 232 233 
233 234 248 
248 234 249 
248 247 232 
236 250 235 
236 251 250 
223 224 239 
223 237 222 
222 208 223 
223 208 224 
239 238 223 
238 237 223 
265 264 249 
249 250 265 
250 251 265 
265 280 264 
163 178 177 
177 162 163 
192 178 193 
192 193 207 
176 177 192 
192 177 178 
202 201 187 
187 203 202 
188 203 187 
187 172 188 
205 220 204 
206 220 205 
174 188 173 
175 190 174 
173 159 174 
174 159 175 
222 237 221 
235 220 221 
221 236 235 
237 236 221 
221 206 222 
221 220 206 
219 220 235 
233 218 219 
235 234 219 
219 234 233 
219 218 204 
204 220 219 
215 216 231 
246 230 231 
231 230 215 
231 216 217 
217 232 231 
232 246 231 
261 262 276 
262 277 276 
276 260 261 
276 275 260 
249 264 263 
262 247 263 
263 248 249 
247 248 263 
161 160 146 
146 162 161 
161 175 160 
162 177 161 
176 175 161 
161 177 176 
115 114 99 
115 101 116 
116 130 115 
130 114 115 
115 99 100 
100 101 115 
132 131 116 
118 133 132 
116 117 132 
132 117 118 
146 131 147 
147 133 148 
147 162 146 
148 162 147 
131 132 147 
147 132 133 
143 127 128 
143 142 127 
158 142 143 
186 201 185 
185 170 186 
186 187 201 
172 187 186 
126 111 112 
126 127 141 
112 127 126 
141 125 126 
274 275 289 
304 288 289 
288 273 289 
289 273 274 
75 60 61 
61 76 75 
137 121 122 
137 122 123 
137 138 152 
123 138 137 
300 301 315 
287 302 286 
286 302 301 
286 300 285 
301 300 286 
257 241 242 
243 258 257 
257 258 272 
257 242 243 
844 830 845 
860 859 845 
845 859 844 
845 830 846 
861 876 860 
860 845 861 
861 845 846 
891 890 875 
860 876 875 
875 876 891 
874 860 875 
890 889 875 
875 889 874 
796 781 797 
828 827 813 
814 829 813 
813 829 828 
813 798 814 
858 859 874 
872 858 873 
874 889 873 
873 858 874 
4 889 890 
4 19 3 
5 890 6 
5 4 890 
19 4 5 
31 30 16 
855 856 870 
855 840 841 
841 840 826 
841 856 855 
826 842 841 
33 47 32 
32 18 33 
32 17 18 
16 17 32 
47 31 32 
32 31 16 
43 44 59 
59 58 43 
58 57 43 
43 28 44 
24 39 38 
38 37 22 
38 23 24 
22 23 38 
10 25 9 
9 23 8 
8 894 9 
9 894 10 
9 25 24 
24 23 9 
83 82 67 
67 68 83 
67 66 52 
52 68 67 
97 82 98 
98 113 97 
97 113 112 
112 111 97 
65 50 66 
169 155 170 
170 184 169 
167 151 152 
150 151 165 
199 183 184 
199 200 214 
185 200 199 
199 184 185 
213 229 228 
214 229 213 
56 71 70 
52 37 53 
39 54 53 
53 38 39 
37 38 53 
53 68 52 
53 54 68 
55 54 39 
55 41 56 
39 40 55 
55 40 41 
56 70 55 
55 70 54 
597 612 596 
596 581 597 
626 640 625 
625 640 624 
593 577 578 
592 577 593 
622 636 621 
606 607 621 
621 607 622 
621 605 606 
383 382 367 
398 382 383 
383 384 398 
412 426 411 
412 413 428 
428 427 412 
412 427 426 
418 433 432 
432 431 416 
417 418 432 
432 416 417 
432 433 447 
447 431 432 
619 605 620 
620 634 619 
620 635 634 
636 635 620 
605 621 620 
620 621 636 
587 571 572 
572 573 587 
587 573 588 
588 602 587 
677 678 692 
691 676 692 
692 676 677 
648 649 664 
664 663 648 
648 633 649 
663 662 648 
662 647 648 
648 647 633 
646 662 661 
646 647 662 
736 735 721 
721 737 736 
721 722 737 
706 722 721 
736 751 750 
750 735 736 
661 676 675 
545 546 561 
561 560 545 
542 543 557 
557 572 556 
556 541 557 
541 542 557 
559 543 544 
544 545 559 
559 545 560 
528 513 529 
528 529 544 
544 543 528 
542 527 528 
528 527 513 
528 543 542 
505 520 504 
505 506 520 
505 504 489 
491 506 505 
489 490 505 
505 490 491 
717 732 716 
718 732 717 
698 713 697 
698 699 713 
697 682 698 
684 699 698 
683 684 698 
698 682 683 
710 724 709 
694 695 709 
709 695 710 
709 724 708 
467 482 466 
466 451 467 
467 451 452 
453 468 467 
452 453 467 
468 482 467 
541 540 526 
526 542 541 
526 527 542 
511 527 526 
367 382 381 
382 396 381 
381 396 380 
411 410 395 
380 396 395 
395 396 411 
395 410 409 
411 396 397 
398 413 397 
397 412 411 
413 412 397 
397 382 398 
397 396 382 
327 342 326 
340 325 326 
341 340 326 
326 342 341 
311 312 327 
311 325 310 
327 326 311 
311 326 325 
311 296 312 
310 296 311 
306 321 305 
292 307 306 
307 321 306 
336 351 335 
336 335 320 
320 321 336 
336 322 337 
337 351 336 
336 321 322 
279 280 295 
279 294 293 
279 295 294 
264 280 279 
392 378 393 
409 408 393 
437 421 422 
422 421 406 
376 390 375 
361 377 376 
361 375 360 
361 360 346 
376 375 361 
391 405 390 
391 390 376 
406 405 391 
391 376 392 
333 349 348 
333 348 347 
333 332 318 
347 332 333 
350 349 335 
335 351 350 
363 348 364 
348 349 364 
364 379 363 
349 350 364 
849 834 850 
850 836 851 
850 851 865 
865 849 850 
850 834 835 
835 836 850 
816 801 802 
816 817 831 
802 817 816 
815 800 816 
816 831 815 
800 801 816 
252 237 238 
252 236 237 
252 238 253 
251 236 252 
252 253 267 
267 251 252 
266 251 267 
266 265 251 
267 282 266 
280 265 266 
266 282 281 
281 280 266 
207 206 191 
206 205 191 
191 205 190 
191 192 207 
191 190 176 
176 192 191 
189 203 188 
190 205 189 
188 174 189 
189 174 190 
204 203 189 
189 205 204 
130 145 129 
129 143 128 
128 114 129 
129 114 130 
144 145 160 
158 143 144 
160 159 144 
144 159 158 
144 129 145 
143 129 144 
156 157 171 
171 157 172 
172 186 171 
170 155 171 
171 155 156 
171 186 170 
290 305 304 
290 289 275 
304 289 290 
290 306 305 
121 135 120 
136 151 150 
150 135 136 
136 135 121 
152 151 136 
121 137 136 
136 137 152 
122 121 106 
105 91 106 
106 120 105 
121 120 106 
61 62 77 
77 76 61 
90 75 76 
76 91 90 
90 91 105 
271 285 270 
271 286 285 
271 272 287 
287 286 271 
255 240 241 
210 211 225 
226 240 225 
241 240 226 
225 211 226 
242 241 226 
847 848 863 
847 861 846 
847 846 832 
832 848 847 
863 878 862 
876 861 862 
862 847 863 
861 847 862 
877 876 862 
862 878 877 
827 811 812 
811 796 812 
812 796 797 
797 798 812 
798 813 812 
812 813 827 
843 842 828 
844 859 843 
843 828 844 
859 858 843 
888 873 889 
889 4 888 
888 4 3 
21 5 6 
6 7 21 
7 22 21 
21 22 36 
16 30 15 
886 0 885 
30 31 45 
872 856 857 
857 841 842 
856 841 857 
857 858 872 
857 843 858 
842 843 857 
42 57 41 
42 43 57 
42 41 26 
28 43 42 
26 27 42 
27 28 42 
124 139 123 
124 125 139 
123 122 108 
108 124 123 
109 124 108 
111 126 110 
110 126 125 
125 124 110 
110 124 109 
81 65 66 
66 67 81 
81 67 82 
50 65 64 
48 62 47 
48 47 33 
46 31 47 
47 62 46 
46 62 61 
60 45 46 
61 60 46 
46 45 31 
154 138 139 
140 155 154 
139 140 154 
155 169 154 
151 167 166 
166 165 151 
181 166 182 
182 166 167 
184 183 168 
168 169 184 
183 182 168 
168 182 167 
183 199 198 
198 199 214 
214 213 198 
85 70 71 
71 86 85 
100 84 85 
85 86 100 
580 581 595 
595 596 610 
581 596 595 
627 626 611 
626 625 611 
611 612 627 
611 625 610 
611 596 612 
610 596 611 
608 607 592 
592 593 608 
368 383 367 
367 352 368 
368 353 354 
368 352 353 
570 571 585 
693 692 678 
693 678 694 
693 709 708 
694 709 693 
707 722 706 
706 691 707 
691 692 707 
708 722 707 
692 693 707 
707 693 708 
616 617 632 
720 705 706 
720 721 735 
706 721 720 
765 751 766 
765 750 751 
645 646 660 
660 646 661 
661 675 660 
691 705 690 
690 676 691 
690 675 676 
544 529 530 
529 515 530 
530 545 544 
531 546 530 
530 515 531 
546 545 530 
543 559 558 
558 573 572 
558 557 543 
572 557 558 
719 718 703 
718 717 703 
703 717 702 
703 704 719 
703 688 704 
703 702 688 
701 715 700 
702 717 701 
701 700 686 
686 702 701 
716 715 701 
701 717 716 
525 510 511 
525 526 540 
511 526 525 
394 379 380 
380 395 394 
394 395 409 
378 379 394 
394 393 378 
409 393 394 
291 276 277 
291 277 292 
292 306 291 
275 276 291 
306 290 291 
291 290 275 
293 277 278 
278 279 293 
278 277 262 
264 279 278 
262 263 278 
278 263 264 
438 437 423 
423 422 408 
437 422 423 
423 424 439 
439 438 423 
423 408 424 
408 422 407 
392 393 407 
407 393 408 
407 422 406 
406 391 407 
407 391 392 
362 346 347 
377 361 362 
362 361 346 
362 348 363 
347 348 362 
363 377 362 
318 319 334 
349 333 334 
334 333 318 
320 335 334 
334 319 320 
335 349 334 
366 350 351 
366 351 352 
366 352 367 
367 381 366 
380 379 365 
365 364 350 
379 364 365 
365 381 380 
350 366 365 
365 366 381 
270 255 256 
256 271 270 
256 255 241 
241 257 256 
256 257 272 
272 271 256 
196 210 195 
196 195 181 
211 210 196 
20 36 35 
5 21 20 
20 21 36 
34 19 20 
35 34 20 
19 5 20 
871 856 872 
885 870 871 
871 870 856 
871 886 885 
872 873 887 
873 888 887 
887 871 872 
886 871 887 
1 15 0 
16 15 1 
0 886 1 
1 17 16 
94 109 93 
109 108 93 
111 110 95 
95 109 94 
95 110 109 
79 64 65 
49 34 35 
35 50 49 
50 64 49 
33 34 49 
64 48 49 
49 48 33 
63 77 62 
62 48 63 
63 48 64 
64 79 63 
181 195 180 
165 166 180 
180 166 181 
153 154 169 
138 154 153 
169 168 153 
152 138 153 
153 167 152 
153 168 167 
84 83 69 
69 85 84 
83 68 69 
70 85 69 
68 54 69 
54 70 69 
579 593 578 
580 595 579 
578 564 579 
564 580 579 
607 608 623 
622 607 623 
623 638 622 
624 638 623 
594 595 610 
594 608 593 
593 579 594 
594 579 595 
354 370 369 
369 368 354 
370 385 369 
383 368 369 
385 384 369 
384 383 369 
615 616 630 
602 617 601 
617 616 601 
601 616 615 
766 781 780 
780 765 766 
589 573 574 
574 558 559 
573 558 574 
574 560 575 
575 589 574 
574 559 560 
197 182 183 
183 198 197 
181 182 197 
197 196 181 
886 887 2 
2 1 886 
17 1 2 
2 888 3 
3 17 2 
2 887 888 
107 108 122 
107 93 108 
122 106 107 
107 106 91 
111 95 96 
82 97 96 
96 97 111 
96 81 82 
80 95 94 
80 79 65 
94 79 80 
65 81 80 
80 96 95 
81 96 80 
78 79 94 
94 93 78 
78 63 79 
77 63 78 
609 625 624 
624 623 609 
610 625 609 
609 623 608 
609 594 610 
608 594 609 
645 630 631 
631 646 645 
631 630 616 
647 646 631 
632 647 631 
631 616 632 
600 601 615 
571 587 586 
586 587 602 
602 601 586 
586 600 585 
586 585 571 
601 600 586 
810 811 825 
810 796 811 
212 198 213 
212 197 198 
211 196 212 
196 197 212 
93 107 92 
92 78 93 
77 78 92 
76 77 92 
92 91 76 
92 107 91 
781 796 795 
795 780 781 
796 810 795 
227 226 211 
242 226 227 
211 212 227 
228 242 227 
227 213 228 
227 212 213 
