-10000.000
-10000.000
-10000.000
-9700.000
9800.003
10100.006
10100.006
10100.006
-10000.000
-10000.000
-10000.000
-10000.000
-10000.000
-10000.000
-10000.000
-10000.000
-10000.000
-10000.000
-10000.000
-10000.000
-10000.000
-10000.000
-10000.000
-10000.000
-10000.000
-10000.000
-10000.000
-10000.000
-10000.000
-10000.000
-10000.000
-10000.000
-10000.000
-10000.000
-10000.000
-10000.000
-10000.000
-10000.000
-10000.000
-10000.000
-10000.000
-10000.000
-10000.000
-10000.000
-10000.000
-10000.000
-10000.000
-10000.000
-10000.000
-10000.000
-10000.000
-10000.000
-10000.000
-10000.000
-10000.000
-10000.000
-10000.000
-10000.000
-10000.000
-10000.000
-10000.000
-10000.000
-10000.000
-10000.000
-10000.000
-10000.000
-10000.000
-10000.000
-10000.000
-10000.000
-10000.000
-10000.000
-10000.000
-9700.000
-9400.000
-9400.000
-9100.000
-9100.000
-8800.000
-8800.000
-8500.000
-8500.000
-8200.000
-8200.000
-7900.000
-7900.000
-7600.000
-7600.000
-7300.000
-7300.000
-7000.000
-7000.000
-6700.000
-6700.000
-6400.000
-6400.000
-6100.000
-6100.000
-5800.000
-5800.000
-5500.000
-5500.000
-5200.000
-5200.000
-4900.000
-4900.000
-4600.000
-4600.000
-4300.000
-4300.000
-4000.000
-4000.000
-3700.000
-3700.000
-3400.000
-3400.000
-3100.000
-3100.000
-2800.000
-2800.000
-2500.000
-2500.000
-2200.000
-2200.000
-1900.000
-1900.000
-1600.000
-1600.000
-1300.000
-1300.000
-1000.000
-1000.000
-700.000
-700.000
-400.000
-400.000
-100.000
-100.000
200.000
200.000
500.000
500.000
800.000
800.000
1100.000
1100.000
1400.000
1400.000
1700.000
1700.000
2000.000
2000.000
2300.000
2300.000
2600.000
2600.000
2900.000
2900.000
3200.000
3200.000
3500.000
3500.000
3800.000
3800.000
4100.000
4100.000
4400.000
4400.000
4700.000
4700.000
5000.000
5000.000
5300.000
5300.000
5600.000
5600.000
5900.000
5900.000
6199.997
6199.997
6500.000
6500.000
6800.003
6800.003
7100.006
7100.006
7399.994
7399.994
7699.997
7699.997
8000.000
8000.000
8300.003
8300.003
8600.006
8600.006
8899.994
8899.994
9199.997
9199.997
9500.000
9500.000
9800.003
10100.006
10100.006
10100.006
10100.006
10100.006
10100.006
10100.006
10100.006
10100.006
10100.006
10100.006
10100.006
10100.006
10100.006
10100.006
10100.006
10100.006
10100.006
10100.006
10100.006
10100.006
10100.006
10100.006
10100.006
10100.006
10100.006
10100.006
10100.006
10100.006
10100.006
10100.006
10100.006
10100.006
10100.006
10100.006
10100.006
10100.006
10100.006
10100.006
10100.006
10100.006
10100.006
10100.006
10100.006
10100.006
10100.006
10100.006
10100.006
10100.006
10100.006
10100.006
10100.006
10100.006
10100.006
10100.006
10100.006
10100.006
10100.006
10100.006
10100.006
10100.006
10100.006
10100.006
10100.006
10100.006
-9700.000
-9700.000
-9700.000
-9700.000
-9700.000
-9700.000
-9700.000
-9700.000
-9700.000
-9700.000
-9700.000
-9700.000
-9700.000
-9700.000
-9700.000
-9700.000
-9700.000
-9700.000
-9700.000
-9700.000
-9700.000
-9700.000
-9700.000
-9700.000
-9700.000
-9700.000
-9700.000
-9700.000
-9700.000
-9700.000
-9700.000
-9700.000
-9700.000
-9700.000
-9700.000
-9700.000
-9700.000
-9700.000
-9700.000
-9700.000
-9700.000
-9700.000
-9700.000
-9700.000
-9700.000
-9700.000
-9700.000
-9700.000
-9700.000
-9700.000
-9700.000
-9700.000
-9700.000
-9700.000
-9700.000
-9700.000
-9700.000
-9700.000
-9700.000
-9700.000
-9700.000
-9700.000
-9700.000
-9700.000
-9700.000
-9400.000
-9400.000
-9400.000
-9399.999
-9399.999
-9400.000
-9400.000
-9400.000
-9400.000
-9400.000
-9400.000
-9400.000
-9400.000
-9400.000
-9400.000
-9400.000
-9400.000
-9400.000
-9400.000
-9400.000
-9400.000
-9400.000
-9400.000
-9400.000
-9400.000
-9400.000
-9400.000
-9400.000
-9400.000
-9400.000
-9400.000
-9400.000
-9400.000
-9400.000
-9400.000
-9400.000
-9400.000
-9400.000
-9400.000
-9400.000
-9400.000
-9400.000
-9400.000
-9400.000
-9400.000
-9400.000
-9400.000
-9400.000
-9400.000
-9400.000
-9400.000
-9399.999
-9399.999
-9400.000
-9400.000
-9400.000
-9400.000
-9399.999
-9400.000
-9400.000
-9400.000
-9400.000
-9400.000
-9399.999
-9400.000
-9400.000
-9100.000
-9100.000
-9100.000
-9100.000
-9100.000
-9100.000
-9100.000
-9100.000
-9100.000
-9100.000
-9100.000
-9100.000
-9100.000
-9100.000
-9100.000
-9100.000
-9100.000
-9100.000
-9100.000
-9100.000
-9100.000
-9100.000
-9100.000
-9100.000
-9100.000
-9100.000
-9100.000
-9100.000
-9100.000
-9100.000
-9100.000
-9100.000
-9100.000
-9100.000
-9100.000
-9100.000
-9100.000
-9100.000
-9100.000
-9100.000
-9100.000
-9100.000
-9100.000
-9100.000
-9100.000
-9100.000
-9100.000
-9100.000
-9100.000
-9100.000
-9100.000
-9100.000
-9100.000
-9100.000
-9100.000
-9100.000
-9100.000
-9100.000
-9100.000
-9100.000
-9100.000
-9100.000
-9100.000
-9100.000
-9100.000
-9100.000
-8800.001
-8800.000
-8800.001
-8800.001
-8800.001
-8800.001
-8800.001
-8800.001
-8800.001
-8800.001
-8800.001
-8800.001
-8800.001
-8800.001
-8800.001
-8800.001
-8800.001
-8800.000
-8800.001
-8800.001
-8800.001
-8800.001
-8800.001
-8800.001
-8800.000
-8800.001
-8800.000
-8800.000
-8800.001
-8800.000
-8800.000
-8800.000
-8800.001
-8800.001
-8800.000
-8800.001
-8800.000
-8800.000
-8800.000
-8800.000
-8800.001
-8800.000
-8800.000
-8800.001
-8800.001
-8800.001
-8800.001
-8800.001
-8800.001
-8800.001
-8800.001
-8800.001
-8800.001
-8800.001
-8800.001
-8800.001
-8800.001
-8800.001
-8800.001
-8800.001
-8800.001
-8800.001
-8800.001
-8800.001
-8800.001
-8800.001
-8500.000
-8499.999
-8500.000
-8500.000
-8500.000
-8500.000
-8500.000
-8500.000
-8500.000
-8500.000
-8500.000
-8500.000
-8500.000
-8500.000
-8500.000
-8500.000
-8500.000
-8500.000
-8500.000
-8500.000
-8500.000
-8500.000
-8500.000
-8499.999
-8499.999
-8499.999
-8500.000
-8500.000
-8499.999
-8500.000
-8500.000
-8499.999
-8500.000
-8499.999
-8499.999
-8500.000
-8500.000
-8500.000
-8500.000
-8500.000
-8500.000
-8500.000
-8500.000
-8500.000
-8500.000
-8500.000
-8500.000
-8500.000
-8500.000
-8500.000
-8500.000
-8500.000
-8500.000
-8500.000
-8500.000
-8500.000
-8500.000
-8500.000
-8500.000
-8500.000
-8500.000
-8500.000
-8500.000
-8500.000
-8500.000
-8500.000
-8200.000
-8200.001
-8200.001
-8200.001
-8200.001
-8200.001
-8200.001
-8200.001
-8200.000
-8200.000
-8200.001
-8200.000
-8200.000
-8200.000
-8200.001
-8200.000
-8200.000
-8200.001
-8200.001
-8200.000
-8200.000
-8200.000
-8200.000
-8200.000
-8200.000
-8200.000
-8200.000
-8199.999
-8200.000
-8200.001
-8200.001
-8200.001
-8200.001
-8200.001
-8200.001
-8200.001
-8200.001
-8200.001
-8200.001
-8200.001
-8200.001
-8200.001
-8200.001
-8200.001
-8200.001
-8200.001
-8200.001
-8200.001
-8200.001
-8200.001
-8200.001
-8200.001
-8200.001
-8200.001
-8200.001
-8200.001
-8200.001
-8200.001
-8200.001
-8200.001
-8200.001
-8200.001
-8200.001
-8200.001
-8200.001
-8200.001
-7900.001
-7900.001
-7900.001
-7900.001
-7900.001
-7900.001
-7900.001
-7900.001
-7900.001
-7900.001
-7900.000
-7900.000
-7900.001
-7900.000
-7900.000
-7900.001
-7900.001
-7900.000
-7900.001
-7900.000
-7900.001
-7900.001
-7900.000
-7900.000
-7900.001
-7900.001
-7900.001
-7900.001
-7900.001
-7900.001
-7900.001
-7900.001
-7900.001
-7900.001
-7900.001
-7900.001
-7900.001
-7900.001
-7900.001
-7900.001
-7900.001
-7900.001
-7900.001
-7900.001
-7900.001
-7900.001
-7900.001
-7900.001
-7900.001
-7900.001
-7900.001
-7900.001
-7900.001
-7900.001
-7900.001
-7900.001
-7900.001
-7900.001
-7900.001
-7900.001
-7900.001
-7900.001
-7900.001
-7900.001
-7900.001
-7900.001
-7599.999
-7600.000
-7600.000
-7600.000
-7600.000
-7600.000
-7600.000
-7600.000
-7600.000
-7599.999
-7600.000
-7599.999
-7599.999
-7600.000
-7599.999
-7599.999
-7599.999
-7599.999
-7599.999
-7600.000
-7600.000
-7599.999
-7600.000
-7600.000
-7600.000
-7600.000
-7600.000
-7600.000
-7600.000
-7600.000
-7600.000
-7600.000
-7600.000
-7600.000
-7600.000
-7600.000
-7600.000
-7600.000
-7600.000
-7600.000
-7600.000
-7600.000
-7600.000
-7600.000
-7600.000
-7600.000
-7600.000
-7600.000
-7600.000
-7600.000
-7600.000
-7600.000
-7600.000
-7600.000
-7600.000
-7600.000
-7600.000
-7600.000
-7600.000
-7600.000
-7600.000
-7600.000
-7600.000
-7600.000
-7600.000
-7600.000
-7300.000
-7300.001
-7300.001
-7300.001
-7300.001
-7300.000
-7300.000
-7300.001
-7300.000
-7300.000
-7300.001
-7300.000
-7300.001
-7300.000
-7300.001
-7300.000
-7300.001
-7299.998
-7299.999
-7300.001
-7300.001
-7300.001
-7300.001
-7300.001
-7300.001
-7300.001
-7300.001
-7300.001
-7300.001
-7300.001
-7300.001
-7300.001
-7300.001
-7300.001
-7300.001
-7300.001
-7300.001
-7300.001
-7300.001
-7300.001
-7300.001
-7300.001
-7300.001
-7300.001
-7300.001
-7300.001
-7300.001
-7300.001
-7300.001
-7300.000
-7300.001
-7300.001
-7300.001
-7300.001
-7300.000
-7300.001
-7300.001
-7300.000
-7300.000
-7300.001
-7300.000
-7300.001
-7300.000
-7300.001
-7300.001
-7300.001
-7000.000
-7000.000
-7000.000
-7000.000
-7000.000
-6999.999
-7000.000
-6999.999
-6999.999
-6999.999
-7000.000
-6999.998
-6999.998
-6999.998
-6999.999
-7000.000
-6999.998
-7000.000
-7000.000
-7000.000
-7000.000
-7000.000
-7000.000
-7000.000
-7000.000
-7000.000
-7000.000
-7000.000
-7000.000
-7000.000
-7000.000
-7000.000
-7000.000
-7000.000
-7000.000
-7000.000
-7000.000
-7000.000
-7000.000
-7000.000
-7000.000
-7000.000
-7000.000
-7000.000
-7000.000
-7000.000
-7000.000
-7000.000
-7000.000
-7000.000
-7000.000
-7000.000
-7000.000
-7000.000
-7000.000
-7000.000
-7000.000
-7000.000
-7000.000
-7000.000
-7000.000
-7000.000
-7000.000
-7000.000
-7000.000
-7000.000
-6699.999
-6700.001
-6700.001
-6700.000
-6700.000
-6700.000
-6699.999
-6700.000
-6700.000
-6700.000
-6699.999
-6699.999
-6699.998
-6700.000
-6699.998
-6699.999
-6700.001
-6700.001
-6700.001
-6700.001
-6700.001
-6700.001
-6700.001
-6700.001
-6700.001
-6700.001
-6700.001
-6700.001
-6700.001
-6700.001
-6700.000
-6700.001
-6700.001
-6700.001
-6700.000
-6700.000
-6700.001
-6700.000
-6700.001
-6700.000
-6700.001
-6700.000
-6700.000
-6700.001
-6700.000
-6700.000
-6700.001
-6700.001
-6700.000
-6700.001
-6700.001
-6700.001
-6700.000
-6700.000
-6700.001
-6700.000
-6700.001
-6700.000
-6700.000
-6700.001
-6700.000
-6700.000
-6700.000
-6700.000
-6700.000
-6700.001
-6400.001
-6400.001
-6400.000
-6400.000
-6400.000
-6400.000
-6400.000
-6400.000
-6400.000
-6399.999
-6399.999
-6400.000
-6400.000
-6400.000
-6400.001
-6400.001
-6400.001
-6400.001
-6400.001
-6400.001
-6400.001
-6400.001
-6400.001
-6400.001
-6400.001
-6400.001
-6400.001
-6400.001
-6400.001
-6400.001
-6400.001
-6400.001
-6400.001
-6400.001
-6400.001
-6400.001
-6400.001
-6400.001
-6400.001
-6400.001
-6400.000
-6400.001
-6400.001
-6400.001
-6400.001
-6400.001
-6400.001
-6400.000
-6400.000
-6400.000
-6400.000
-6400.001
-6400.001
-6400.001
-6400.001
-6400.001
-6400.000
-6400.001
-6400.000
-6400.001
-6400.000
-6400.000
-6400.000
-6400.000
-6400.001
-6400.001
-6100.000
-6100.000
-6099.999
-6099.999
-6099.999
-6099.999
-6100.000
-6099.999
-6100.000
-6099.998
-6099.998
-6099.999
-6099.998
-6100.000
-6100.000
-6100.000
-6100.000
-6100.000
-6100.000
-6100.000
-6100.000
-6100.000
-6099.999
-6100.000
-6100.000
-6100.000
-6100.000
-6100.000
-6100.000
-6099.999
-6100.000
-6100.000
-6099.999
-6099.999
-6099.999
-6100.000
-6100.000
-6099.999
-6100.000
-6099.999
-6100.000
-6100.000
-6100.000
-6099.999
-6099.999
-6100.000
-6100.000
-6099.999
-6099.999
-6099.999
-6099.999
-6099.999
-6100.000
-6099.999
-6100.000
-6100.000
-6099.999
-6099.999
-6099.999
-6100.000
-6099.999
-6099.999
-6099.999
-6099.999
-6099.999
-6099.999
-5800.000
-5800.000
-5799.999
-5800.000
-5799.999
-5799.999
-5799.998
-5799.999
-5799.998
-5799.997
-5799.999
-5799.999
-5800.000
-5800.000
-5800.000
-5800.000
-5800.000
-5800.000
-5800.000
-5800.000
-5800.000
-5800.000
-5800.000
-5800.000
-5800.000
-5800.000
-5800.000
-5800.000
-5800.000
-5800.000
-5800.000
-5800.000
-5800.000
-5800.000
-5800.000
-5800.000
-5800.000
-5799.999
-5800.000
-5799.999
-5799.999
-5799.999
-5800.000
-5800.000
-5800.000
-5800.000
-5800.000
-5799.999
-5799.999
-5799.999
-5800.000
-5799.999
-5799.999
-5799.999
-5799.999
-5800.000
-5799.999
-5799.999
-5799.999
-5799.999
-5799.999
-5800.000
-5799.999
-5800.000
-5800.000
-5799.999
-5500.000
-5499.999
-5500.000
-5500.000
-5500.000
-5500.000
-5499.998
-5499.997
-5500.000
-5499.998
-5499.997
-5500.000
-5500.000
-5500.000
-5500.000
-5500.000
-5500.000
-5500.000
-5500.000
-5500.000
-5500.000
-5500.000
-5500.000
-5500.000
-5500.000
-5500.000
-5500.000
-5500.000
-5500.000
-5500.000
-5500.000
-5499.999
-5500.000
-5500.000
-5499.999
-5500.000
-5500.000
-5500.000
-5500.000
-5500.000
-5500.000
-5499.999
-5500.000
-5500.000
-5500.000
-5500.000
-5499.999
-5500.000
-5500.000
-5500.000
-5500.000
-5499.999
-5500.000
-5500.000
-5500.000
-5500.000
-5499.999
-5499.999
-5500.000
-5500.000
-5499.999
-5499.999
-5500.000
-5500.000
-5499.999
-5499.999
-5200.000
-5200.000
-5200.000
-5200.000
-5199.999
-5199.999
-5199.999
-5199.999
-5199.999
-5199.999
-5199.997
-5200.000
-5200.000
-5200.000
-5200.000
-5200.000
-5200.000
-5200.000
-5200.000
-5200.000
-5200.000
-5200.000
-5200.000
-5200.000
-5200.000
-5200.000
-5200.000
-5200.000
-5200.000
-5200.000
-5200.000
-5200.000
-5200.000
-5200.000
-5200.000
-5200.000
-5200.000
-5200.000
-5199.999
-5200.000
-5200.000
-5200.000
-5200.000
-5200.000
-5199.999
-5199.999
-5200.000
-5200.000
-5200.000
-5199.999
-5200.000
-5199.999
-5199.999
-5200.000
-5200.000
-5200.000
-5200.000
-5199.999
-5200.000
-5199.999
-5200.000
-5200.000
-5199.999
-5200.000
-5199.999
-5199.999
-4900.000
-4900.000
-4900.000
-4900.000
-4899.998
-4899.999
-4900.000
-4899.998
-4900.000
-4899.996
-4900.000
-4900.000
-4900.001
-4900.000
-4900.000
-4900.000
-4900.000
-4900.000
-4900.000
-4900.000
-4900.000
-4900.000
-4900.001
-4900.000
-4900.000
-4900.000
-4900.000
-4900.001
-4900.001
-4900.000
-4900.000
-4900.000
-4900.000
-4900.000
-4900.000
-4900.000
-4900.001
-4900.000
-4900.000
-4899.999
-4900.000
-4900.000
-4899.999
-4899.999
-4900.000
-4900.000
-4899.999
-4900.000
-4899.999
-4899.999
-4900.000
-4900.000
-4900.000
-4900.000
-4900.000
-4900.000
-4900.000
-4900.000
-4900.000
-4899.999
-4899.999
-4900.000
-4900.000
-4900.000
-4900.001
-4899.999
-4600.000
-4600.000
-4599.999
-4599.998
-4600.000
-4600.000
-4599.999
-4599.999
-4599.997
-4600.000
-4600.000
-4600.000
-4600.000
-4600.000
-4600.000
-4600.000
-4600.000
-4600.000
-4600.000
-4600.000
-4600.000
-4600.000
-4600.000
-4600.000
-4600.000
-4600.000
-4600.000
-4600.000
-4600.000
-4600.000
-4600.000
-4600.000
-4600.000
-4599.999
-4600.000
-4600.000
-4600.000
-4600.000
-4599.999
-4599.999
-4599.999
-4600.000
-4600.000
-4600.000
-4600.000
-4599.999
-4599.999
-4599.999
-4599.999
-4599.999
-4600.000
-4600.000
-4599.999
-4600.000
-4599.999
-4600.000
-4599.999
-4599.998
-4599.999
-4600.000
-4599.999
-4600.000
-4599.999
-4599.998
-4599.999
-4599.999
-4299.999
-4299.999
-4299.998
-4299.999
-4299.999
-4299.999
-4299.998
-4299.997
-4299.996
-4300.000
-4300.000
-4300.000
-4300.000
-4300.000
-4300.000
-4299.999
-4299.999
-4299.999
-4300.000
-4299.999
-4299.999
-4299.999
-4299.999
-4299.999
-4300.000
-4299.999
-4299.999
-4300.000
-4299.999
-4300.000
-4300.000
-4299.999
-4299.999
-4299.999
-4299.999
-4300.000
-4299.999
-4299.999
-4299.999
-4299.999
-4299.999
-4299.999
-4299.999
-4299.998
-4299.999
-4300.000
-4299.998
-4299.998
-4299.999
-4299.999
-4299.998
-4299.999
-4299.999
-4300.000
-4299.999
-4299.998
-4299.999
-4299.998
-4299.998
-4299.999
-4299.999
-4299.998
-4300.000
-4299.999
-4299.998
-4299.999
-3999.999
-3999.998
-3999.998
-3999.998
-3999.997
-3999.996
-3999.995
-3999.998
-3999.999
-3999.999
-3999.999
-3999.999
-3999.999
-3999.999
-3999.998
-3999.999
-3999.998
-3999.999
-3999.999
-3999.998
-3999.998
-3999.999
-3999.999
-3999.998
-3999.998
-3999.998
-3999.999
-3999.999
-3999.998
-3999.998
-3999.999
-3999.998
-3999.998
-3999.998
-3999.998
-3999.999
-3999.999
-3999.998
-3999.998
-3999.998
-3999.999
-3999.998
-3999.998
-3999.999
-3999.997
-3999.999
-3999.998
-3999.998
-3999.998
-3999.998
-3999.998
-3999.997
-3999.997
-3999.997
-3999.999
-3999.997
-3999.998
-3999.997
-3999.997
-3999.998
-3999.997
-3999.997
-3999.998
-3999.998
-3999.998
-3999.996
-3700.000
-3699.999
-3699.998
-3699.999
-3699.998
-3699.999
-3700.000
-3699.999
-3700.000
-3700.000
-3700.000
-3700.000
-3700.000
-3700.000
-3700.000
-3700.000
-3700.000
-3700.000
-3700.000
-3699.999
-3700.000
-3700.000
-3699.999
-3700.000
-3699.999
-3700.000
-3700.000
-3700.000
-3699.999
-3699.999
-3699.999
-3699.999
-3700.000
-3700.000
-3699.999
-3699.999
-3700.000
-3699.999
-3699.999
-3699.999
-3700.000
-3699.999
-3699.999
-3699.999
-3700.000
-3700.000
-3700.000
-3699.998
-3700.000
-3699.999
-3699.999
-3699.998
-3699.999
-3699.999
-3700.000
-3699.999
-3699.998
-3699.998
-3699.999
-3699.998
-3699.998
-3699.999
-3700.000
-3699.999
-3699.999
-3699.999
-3400.000
-3399.999
-3400.000
-3400.000
-3399.996
-3399.998
-3399.998
-3399.996
-3399.999
-3400.000
-3399.999
-3400.000
-3399.999
-3399.999
-3399.999
-3400.000
-3399.999
-3400.000
-3399.999
-3399.999
-3399.999
-3400.000
-3399.999
-3399.999
-3399.999
-3399.999
-3399.998
-3400.000
-3399.999
-3399.999
-3400.000
-3399.999
-3399.999
-3399.998
-3399.999
-3399.999
-3399.998
-3399.999
-3399.998
-3399.999
-3399.999
-3399.998
-3399.998
-3400.000
-3399.998
-3399.999
-3399.998
-3400.000
-3399.999
-3399.998
-3399.998
-3399.999
-3399.999
-3399.997
-3400.000
-3399.998
-3399.998
-3399.999
-3399.999
-3399.998
-3399.998
-3399.999
-3399.998
-3400.000
-3400.000
-3399.997
-3099.998
-3099.998
-3099.997
-3099.998
-3099.997
-3099.998
-3099.995
-3099.998
-3099.998
-3099.998
-3099.998
-3099.998
-3099.998
-3099.998
-3099.998
-3099.998
-3099.998
-3099.998
-3099.998
-3099.998
-3099.998
-3099.998
-3099.998
-3099.998
-3099.998
-3099.998
-3099.998
-3099.998
-3099.998
-3099.998
-3099.998
-3099.998
-3099.998
-3099.998
-3099.998
-3099.998
-3099.997
-3099.998
-3099.998
-3099.998
-3099.998
-3099.998
-3099.998
-3099.997
-3099.998
-3099.997
-3099.998
-3099.997
-3099.998
-3099.998
-3099.998
-3099.998
-3099.998
-3099.998
-3099.998
-3099.998
-3099.998
-3099.997
-3099.998
-3099.996
-3099.998
-3099.997
-3099.996
-3099.998
-3099.998
-3099.998
-2800.000
-2800.000
-2799.998
-2799.999
-2799.996
-2799.998
-2799.998
-2800.000
-2800.000
-2800.001
-2800.000
-2800.001
-2800.001
-2800.000
-2800.000
-2800.000
-2800.000
-2800.000
-2800.000
-2800.000
-2800.000
-2800.000
-2800.000
-2800.000
-2799.999
-2800.000
-2800.000
-2799.999
-2799.999
-2800.000
-2800.000
-2800.000
-2800.001
-2799.999
-2800.000
-2800.000
-2800.000
-2800.000
-2799.999
-2800.000
-2799.999
-2799.999
-2800.000
-2799.999
-2800.000
-2799.998
-2799.999
-2799.998
-2799.998
-2799.999
-2799.998
-2799.999
-2800.000
-2800.001
-2800.000
-2799.998
-2799.999
-2800.000
-2799.998
-2799.998
-2799.999
-2799.999
-2799.997
-2799.999
-2800.000
-2799.999
-2500.000
-2499.999
-2499.998
-2499.996
-2499.995
-2499.995
-2500.000
-2500.000
-2500.000
-2500.000
-2500.000
-2499.999
-2500.000
-2500.000
-2500.000
-2500.000
-2499.999
-2499.999
-2500.000
-2499.999
-2499.999
-2500.000
-2500.000
-2499.999
-2500.000
-2499.999
-2499.998
-2499.999
-2499.999
-2500.000
-2500.000
-2499.999
-2499.999
-2499.998
-2499.998
-2499.998
-2499.998
-2499.999
-2500.000
-2499.999
-2499.998
-2499.999
-2499.998
-2499.998
-2499.998
-2499.998
-2499.998
-2499.998
-2500.000
-2499.998
-2499.998
-2499.997
-2499.999
-2499.998
-2499.998
-2500.000
-2499.999
-2499.998
-2499.996
-2499.996
-2499.996
-2499.999
-2499.998
-2499.996
-2499.997
-2499.997
-2200.000
-2199.999
-2199.997
-2199.999
-2199.995
-2199.998
-2200.000
-2200.000
-2200.000
-2200.000
-2200.000
-2200.000
-2200.000
-2200.000
-2199.999
-2200.000
-2199.999
-2200.000
-2199.999
-2199.999
-2200.000
-2199.999
-2199.999
-2199.999
-2199.999
-2199.999
-2200.000
-2199.999
-2199.998
-2199.999
-2199.999
-2199.999
-2199.998
-2199.998
-2199.998
-2199.999
-2199.999
-2199.998
-2199.998
-2199.999
-2199.998
-2200.000
-2200.000
-2199.999
-2199.997
-2199.998
-2200.000
-2199.997
-2199.999
-2199.997
-2199.999
-2199.997
-2200.000
-2199.997
-2199.998
-2200.000
-2199.997
-2199.996
-2199.999
-2199.998
-2199.999
-2199.996
-2199.996
-2199.999
-2199.999
-2199.996
-1899.999
-1899.999
-1899.999
-1899.997
-1899.996
-1899.995
-1900.000
-1900.000
-1899.999
-1899.999
-1899.999
-1899.999
-1899.999
-1899.999
-1900.000
-1899.999
-1899.999
-1899.999
-1899.999
-1899.999
-1900.000
-1899.998
-1899.998
-1899.999
-1899.998
-1899.999
-1899.999
-1899.998
-1899.999
-1899.999
-1899.999
-1899.999
-1899.997
-1899.998
-1900.000
-1899.997
-1899.998
-1899.998
-1899.998
-1899.998
-1899.998
-1899.998
-1899.999
-1899.997
-1899.999
-1899.998
-1899.999
-1899.999
-1899.999
-1899.996
-1899.998
-1899.999
-1899.999
-1899.999
-1899.997
-1899.998
-1899.998
-1899.997
-1899.997
-1899.999
-1899.997
-1899.996
-1899.998
-1899.997
-1899.996
-1899.996
-1599.997
-1599.997
-1599.995
-1599.995
-1599.994
-1599.991
-1599.998
-1599.998
-1599.998
-1599.998
-1599.998
-1599.998
-1599.998
-1599.997
-1599.998
-1599.997
-1599.998
-1599.997
-1599.998
-1599.998
-1599.997
-1599.998
-1599.998
-1599.997
-1599.997
-1599.997
-1599.997
-1599.998
-1599.998
-1599.998
-1599.998
-1599.997
-1599.998
-1599.998
-1599.996
-1599.996
-1599.997
-1599.996
-1599.997
-1599.996
-1599.997
-1599.997
-1599.997
-1599.996
-1599.997
-1599.997
-1599.995
-1599.995
-1599.997
-1599.997
-1599.998
-1599.997
-1599.994
-1599.996
-1599.997
-1599.998
-1599.994
-1599.996
-1599.996
-1599.996
-1599.994
-1599.997
-1599.994
-1599.995
-1599.997
-1599.994
-1299.997
-1299.995
-1299.996
-1299.996
-1299.992
-1299.992
-1299.997
-1299.997
-1299.997
-1299.997
-1299.997
-1299.997
-1299.997
-1299.997
-1299.997
-1299.997
-1299.997
-1299.997
-1299.997
-1299.996
-1299.996
-1299.996
-1299.995
-1299.995
-1299.996
-1299.995
-1299.996
-1299.997
-1299.997
-1299.997
-1299.995
-1299.995
-1299.995
-1299.996
-1299.994
-1299.996
-1299.995
-1299.997
-1299.995
-1299.996
-1299.995
-1299.994
-1299.994
-1299.996
-1299.996
-1299.994
-1299.996
-1299.996
-1299.994
-1299.994
-1299.997
-1299.995
-1299.994
-1299.994
-1299.996
-1299.994
-1299.996
-1299.994
-1299.995
-1299.993
-1299.993
-1299.994
-1299.994
-1299.996
-1299.994
-1299.994
-999.999
-999.998
-999.999
-999.996
-999.995
-1000.000
-1000.000
-1000.000
-1000.000
-999.999
-999.999
-999.999
-999.999
-1000.000
-1000.000
-999.999
-999.999
-1000.000
-999.999
-999.999
-999.998
-999.999
-999.998
-999.999
-1000.000
-999.999
-999.999
-999.999
-1000.000
-999.998
-999.998
-999.998
-999.997
-999.999
-999.998
-999.997
-999.997
-999.997
-999.999
-999.997
-999.998
-999.998
-999.997
-999.999
-999.997
-999.999
-999.998
-999.999
-999.999
-999.997
-999.999
-999.998
-999.997
-999.999
-999.999
-999.997
-999.998
-999.996
-999.999
-999.999
-999.995
-999.995
-999.997
-999.996
-999.998
-999.998
-699.997
-699.996
-699.994
-699.991
-699.995
-699.997
-699.997
-699.996
-699.996
-699.997
-699.996
-699.996
-699.996
-699.996
-699.996
-699.997
-699.996
-699.996
-699.997
-699.996
-699.996
-699.997
-699.995
-699.996
-699.996
-699.995
-699.996
-699.996
-699.994
-699.995
-699.996
-699.996
-699.995
-699.996
-699.994
-699.995
-699.996
-699.996
-699.994
-699.996
-699.995
-699.993
-699.993
-699.995
-699.994
-699.994
-699.996
-699.994
-699.996
-699.994
-699.992
-699.994
-699.994
-699.994
-699.995
-699.996
-699.993
-699.996
-699.993
-699.993
-699.992
-699.992
-699.994
-699.991
-699.993
-699.996
-399.996
-399.994
-399.994
-399.992
-399.989
-399.997
-399.997
-399.997
-399.997
-399.997
-399.997
-399.997
-399.997
-399.996
-399.995
-399.996
-399.995
-399.996
-399.996
-399.995
-399.995
-399.996
-399.997
-399.996
-399.995
-399.995
-399.996
-399.996
-399.995
-399.995
-399.996
-399.994
-399.995
-399.994
-399.993
-399.997
-399.997
-399.995
-399.994
-399.995
-399.996
-399.995
-399.995
-399.996
-399.993
-399.996
-399.994
-399.994
-399.994
-399.995
-399.994
-399.992
-399.991
-399.994
-399.993
-399.994
-399.996
-399.991
-399.996
-399.993
-399.996
-399.996
-399.993
-399.992
-399.997
-399.993
-99.998
-99.997
-99.997
-99.998
-99.994
-99.998
-99.998
-99.998
-99.998
-99.998
-99.998
-99.998
-99.998
-99.998
-99.998
-99.998
-99.998
-99.998
-99.998
-99.998
-99.998
-99.998
-99.997
-99.998
-99.998
-99.997
-99.996
-99.998
-99.997
-99.996
-99.997
-99.997
-99.996
-99.997
-99.998
-99.996
-99.998
-99.998
-99.997
-99.996
-99.996
-99.998
-99.998
-99.996
-99.995
-99.996
-99.997
-99.997
-99.998
-99.995
-99.995
-99.998
-99.993
-99.998
-99.997
-99.997
-99.994
-99.993
-99.995
-99.994
-99.998
-99.993
-99.997
-99.998
-99.997
-99.998
200.001
200.004
200.002
200.002
200.008
200.001
200.001
200.001
200.000
200.001
200.001
200.001
200.001
200.001
200.001
200.001
200.002
200.002
200.001
200.003
200.001
200.003
200.000
200.003
200.003
200.003
200.003
200.000
200.002
200.001
200.002
200.004
200.003
200.002
200.004
200.002
200.003
200.002
200.001
200.003
200.002
200.003
200.003
200.005
200.004
200.004
200.006
200.002
200.003
200.006
200.002
200.001
200.004
200.004
200.005
200.006
200.001
200.002
200.006
200.006
200.004
200.001
200.002
200.002
200.004
200.007
500.001
500.004
500.003
500.005
500.010
500.000
500.001
500.001
500.000
500.001
500.001
500.000
500.001
500.000
500.002
500.001
500.002
500.001
500.001
500.003
500.002
500.002
500.001
500.002
500.003
500.003
500.000
500.003
500.004
500.002
500.003
500.004
500.001
500.004
500.002
500.001
500.000
500.003
500.003
500.003
500.003
500.002
500.001
500.002
500.005
500.004
500.002
500.003
500.003
500.006
500.002
500.001
500.007
500.005
500.006
500.005
500.001
500.003
500.003
500.004
500.007
500.003
500.001
500.005
500.004
500.002
800.007
800.006
800.011
800.007
800.006
800.007
800.006
800.007
800.007
800.007
800.007
800.007
800.007
800.007
800.007
800.007
800.008
800.007
800.006
800.006
800.009
800.008
800.007
800.007
800.009
800.008
800.010
800.010
800.008
800.009
800.008
800.006
800.009
800.008
800.007
800.009
800.009
800.010
800.007
800.009
800.006
800.009
800.011
800.008
800.008
800.010
800.008
800.011
800.007
800.012
800.010
800.007
800.012
800.011
800.012
800.007
800.009
800.010
800.009
800.008
800.009
800.012
800.010
800.007
800.006
800.011
1100.007
1100.006
1100.012
1100.012
1100.006
1100.007
1100.007
1100.007
1100.007
1100.007
1100.006
1100.007
1100.006
1100.007
1100.008
1100.007
1100.006
1100.007
1100.007
1100.006
1100.007
1100.009
1100.009
1100.007
1100.009
1100.008
1100.009
1100.008
1100.009
1100.010
1100.007
1100.006
1100.007
1100.009
1100.006
1100.009
1100.010
1100.009
1100.010
1100.009
1100.008
1100.007
1100.009
1100.009
1100.008
1100.009
1100.011
1100.012
1100.008
1100.013
1100.011
1100.010
1100.013
1100.006
1100.006
1100.010
1100.007
1100.011
1100.013
1100.008
1100.007
1100.011
1100.011
1100.012
1100.013
1100.008
1400.004
1400.006
1400.006
1400.011
1400.004
1400.004
1400.005
1400.005
1400.004
1400.004
1400.005
1400.005
1400.005
1400.005
1400.005
1400.004
1400.006
1400.005
1400.005
1400.005
1400.005
1400.006
1400.004
1400.005
1400.006
1400.007
1400.007
1400.007
1400.005
1400.007
1400.005
1400.006
1400.006
1400.006
1400.006
1400.008
1400.007
1400.009
1400.007
1400.005
1400.007
1400.005
1400.005
1400.006
1400.008
1400.007
1400.010
1400.006
1400.009
1400.006
1400.011
1400.010
1400.010
1400.004
1400.007
1400.008
1400.011
1400.012
1400.013
1400.010
1400.006
1400.009
1400.010
1400.011
1400.012
1400.012
1700.003
1700.004
1700.005
1700.009
1700.001
1700.001
1700.000
1700.001
1700.001
1700.002
1700.001
1700.001
1700.001
1700.001
1700.002
1700.003
1700.002
1700.003
1700.002
1700.003
1700.002
1700.003
1700.003
1700.003
1700.001
1700.003
1700.003
1700.003
1700.003
1700.002
1700.004
1700.004
1700.003
1700.002
1700.003
1700.001
1700.005
1700.004
1700.001
1700.006
1700.003
1700.006
1700.001
1700.006
1700.005
1700.006
1700.001
1700.005
1700.005
1700.005
1700.004
1700.002
1700.004
1700.007
1700.006
1700.004
1700.002
1700.009
1700.003
1700.004
1700.008
1700.004
1700.006
1700.009
1700.008
1700.009
2000.003
2000.005
2000.005
2000.010
2000.003
2000.003
2000.003
2000.004
2000.004
2000.003
2000.004
2000.004
2000.004
2000.004
2000.004
2000.003
2000.005
2000.005
2000.005
2000.004
2000.004
2000.003
2000.005
2000.004
2000.004
2000.004
2000.006
2000.006
2000.004
2000.006
2000.003
2000.005
2000.007
2000.005
2000.005
2000.006
2000.006
2000.004
2000.008
2000.004
2000.006
2000.004
2000.004
2000.007
2000.010
2000.007
2000.005
2000.005
2000.005
2000.008
2000.005
2000.010
2000.010
2000.006
2000.003
2000.007
2000.005
2000.006
2000.006
2000.009
2000.007
2000.007
2000.005
2000.010
2000.005
2000.012
2300.004
2300.003
2300.005
2300.003
2300.002
2300.003
2300.002
2300.003
2300.003
2300.003
2300.003
2300.004
2300.003
2300.005
2300.002
2300.004
2300.004
2300.004
2300.004
2300.003
2300.003
2300.004
2300.003
2300.004
2300.005
2300.005
2300.005
2300.004
2300.006
2300.005
2300.005
2300.003
2300.006
2300.004
2300.006
2300.002
2300.005
2300.006
2300.005
2300.006
2300.008
2300.007
2300.007
2300.004
2300.003
2300.005
2300.004
2300.005
2300.008
2300.005
2300.004
2300.008
2300.007
2300.006
2300.006
2300.004
2300.011
2300.002
2300.007
2300.008
2300.005
2300.004
2300.007
2300.003
2300.011
2300.007
2600.001
2600.003
2600.008
2600.008
2600.000
2600.000
2600.000
2600.001
2600.000
2600.000
2600.002
2600.000
2600.001
2600.002
2600.002
2600.001
2600.000
2600.001
2600.003
2600.002
2600.002
2600.003
2600.002
2600.003
2600.002
2600.001
2600.003
2600.001
2600.004
2600.002
2600.004
2600.003
2600.001
2600.003
2600.002
2600.003
2600.001
2600.002
2600.006
2600.002
2600.005
2600.002
2600.003
2600.003
2600.000
2600.000
2600.000
2600.008
2600.006
2600.002
2600.003
2600.009
2600.003
2600.003
2600.005
2600.007
2600.010
2600.011
2600.007
2600.010
2600.010
2600.009
2600.006
2600.008
2600.009
2600.002
2900.004
2900.006
2900.005
2900.011
2900.003
2900.004
2900.004
2900.004
2900.004
2900.003
2900.005
2900.004
2900.004
2900.003
2900.004
2900.004
2900.006
2900.004
2900.005
2900.005
2900.006
2900.006
2900.004
2900.004
2900.006
2900.004
2900.004
2900.005
2900.008
2900.007
2900.009
2900.006
2900.004
2900.006
2900.003
2900.009
2900.007
2900.004
2900.004
2900.005
2900.008
2900.006
2900.011
2900.010
2900.008
2900.006
2900.005
2900.005
2900.004
2900.011
2900.009
2900.013
2900.009
2900.009
2900.012
2900.006
2900.013
2900.008
2900.012
2900.010
2900.013
2900.007
2900.014
2900.011
2900.012
2900.005
3200.004
3200.003
3200.002
3200.002
3200.002
3200.002
3200.003
3200.003
3200.003
3200.003
3200.003
3200.003
3200.004
3200.003
3200.003
3200.004
3200.005
3200.002
3200.005
3200.003
3200.006
3200.002
3200.006
3200.006
3200.005
3200.004
3200.006
3200.005
3200.004
3200.003
3200.005
3200.003
3200.006
3200.008
3200.004
3200.004
3200.005
3200.004
3200.008
3200.006
3200.004
3200.006
3200.009
3200.002
3200.009
3200.004
3200.005
3200.002
3200.004
3200.005
3200.005
3200.003
3200.009
3200.006
3200.007
3200.010
3200.006
3200.009
3200.009
3200.011
3200.011
3200.004
3200.006
3200.002
3200.002
3200.003
3500.000
3500.003
3500.004
3499.997
3499.997
3499.997
3499.997
3499.997
3499.997
3499.999
3499.998
3499.998
3499.999
3499.997
3499.997
3500.000
3499.997
3499.997
3499.998
3500.000
3499.997
3500.000
3500.000
3499.998
3500.001
3500.002
3499.999
3499.999
3499.999
3500.001
3500.001
3500.003
3500.002
3500.001
3500.003
3500.000
3500.000
3500.002
3500.002
3500.005
3499.998
3499.997
3500.002
3500.005
3500.001
3500.002
3500.000
3500.004
3500.001
3500.001
3499.997
3500.006
3499.998
3499.998
3500.001
3500.005
3499.999
3499.999
3500.001
3499.997
3500.004
3500.000
3500.010
3499.997
3499.997
3499.997
3799.994
3799.993
3800.001
3799.992
3799.992
3799.992
3799.992
3799.993
3799.993
3799.993
3799.994
3799.993
3799.992
3799.992
3799.993
3799.994
3799.993
3799.994
3799.992
3799.993
3799.992
3799.994
3799.995
3799.995
3799.994
3799.994
3799.994
3799.994
3799.996
3799.993
3799.995
3799.993
3799.995
3799.995
3799.996
3799.997
3799.994
3799.995
3799.997
3799.996
3799.994
3799.992
3799.994
3799.994
3799.996
3799.997
3800.000
3800.001
3799.994
3799.994
3799.993
3799.994
3799.994
3799.999
3799.992
3799.994
3799.993
3800.002
3799.994
3800.002
3799.992
3799.992
3799.993
3799.992
3799.992
3799.992
4099.995
4099.998
4100.002
4099.994
4099.994
4099.994
4099.994
4099.995
4099.995
4099.994
4099.994
4099.994
4099.994
4099.994
4099.997
4099.995
4099.997
4099.997
4099.998
4099.996
4099.994
4099.996
4099.996
4099.997
4099.998
4099.994
4099.994
4099.999
4099.996
4099.997
4099.995
4099.998
4099.996
4100.000
4099.995
4099.996
4099.998
4100.001
4099.994
4099.996
4099.996
4099.994
4099.996
4099.996
4099.997
4100.002
4099.996
4100.002
4100.001
4100.003
4100.000
4100.004
4099.999
4100.005
4100.004
4100.004
4099.994
4099.995
4100.000
4100.006
4099.994
4099.994
4099.994
4099.994
4099.994
4099.994
4399.994
4399.997
4399.999
4399.993
4399.993
4399.994
4399.994
4399.994
4399.995
4399.993
4399.993
4399.995
4399.995
4399.995
4399.993
4399.994
4399.994
4399.996
4399.996
4399.996
4399.997
4399.993
4399.997
4399.998
4399.996
4399.998
4399.994
4399.998
4399.995
4399.993
4399.997
4399.997
4399.995
4399.994
4399.997
4400.000
4400.000
4399.996
4399.998
4399.996
4399.997
4400.002
4399.995
4399.993
4400.001
4400.003
4400.002
4399.999
4399.999
4399.996
4399.999
4399.997
4400.001
4399.993
4399.993
4399.997
4400.002
4400.001
4399.998
4399.993
4399.993
4399.993
4399.993
4399.993
4399.993
4399.993
4700.004
4700.006
4700.008
4700.003
4700.003
4700.003
4700.004
4700.004
4700.003
4700.003
4700.005
4700.005
4700.005
4700.006
4700.003
4700.004
4700.006
4700.005
4700.005
4700.006
4700.004
4700.005
4700.005
4700.007
4700.003
4700.005
4700.005
4700.006
4700.007
4700.003
4700.004
4700.006
4700.005
4700.006
4700.006
4700.004
4700.005
4700.008
4700.008
4700.006
4700.008
4700.008
4700.004
4700.005
4700.006
4700.006
4700.010
4700.008
4700.010
4700.003
4700.009
4700.010
4700.004
4700.009
4700.010
4700.010
4700.006
4700.012
4700.003
4700.003
4700.003
4700.003
4700.003
4700.003
4700.003
4700.003
5000.003
5000.003
5000.004
5000.001
5000.001
5000.002
5000.001
5000.001
5000.003
5000.002
5000.001
5000.003
5000.003
5000.003
5000.001
5000.003
5000.004
5000.005
5000.003
5000.002
5000.003
5000.004
5000.004
5000.003
5000.005
5000.006
5000.007
5000.003
5000.007
5000.005
5000.005
5000.003
5000.007
5000.008
5000.009
5000.009
5000.009
5000.003
5000.006
5000.007
5000.004
5000.003
5000.010
5000.004
5000.005
5000.004
5000.010
5000.004
5000.001
5000.005
5000.004
5000.006
5000.009
5000.005
5000.004
5000.008
5000.001
5000.001
5000.001
5000.001
5000.001
5000.001
5000.001
5000.001
5000.001
5000.001
5300.002
5300.006
5300.006
5300.001
5300.001
5300.001
5300.001
5300.002
5300.001
5300.001
5300.001
5300.003
5300.002
5300.001
5300.001
5300.002
5300.003
5300.001
5300.005
5300.004
5300.004
5300.004
5300.000
5300.006
5300.004
5300.002
5300.004
5300.000
5300.000
5300.001
5300.008
5300.006
5300.007
5300.003
5300.003
5300.006
5300.007
5300.010
5300.005
5300.004
5300.002
5300.004
5300.008
5300.004
5300.001
5300.001
5300.008
5300.006
5300.008
5300.004
5300.013
5300.001
5300.010
5300.001
5300.013
5300.001
5300.000
5300.000
5300.001
5300.001
5300.001
5300.001
5300.001
5300.001
5300.001
5300.000
5600.012
5600.017
5600.012
5600.008
5600.009
5600.009
5600.009
5600.008
5600.009
5600.011
5600.009
5600.009
5600.010
5600.011
5600.011
5600.012
5600.009
5600.009
5600.010
5600.013
5600.013
5600.009
5600.010
5600.012
5600.013
5600.013
5600.009
5600.011
5600.012
5600.011
5600.012
5600.017
5600.009
5600.009
5600.009
5600.009
5600.014
5600.015
5600.010
5600.019
5600.015
5600.019
5600.019
5600.009
5600.019
5600.010
5600.019
5600.012
5600.017
5600.013
5600.009
5600.013
5600.009
5600.014
5600.008
5600.008
5600.008
5600.008
5600.008
5600.008
5600.008
5600.009
5600.008
5600.008
5600.008
5600.008
5900.017
5900.021
5900.021
5900.012
5900.013
5900.012
5900.012
5900.012
5900.013
5900.015
5900.015
5900.014
5900.013
5900.016
5900.013
5900.017
5900.012
5900.016
5900.014
5900.018
5900.016
5900.015
5900.015
5900.014
5900.013
5900.013
5900.013
5900.020
5900.019
5900.018
5900.017
5900.021
5900.021
5900.017
5900.022
5900.021
5900.021
5900.020
5900.017
5900.023
5900.019
5900.016
5900.019
5900.021
5900.013
5900.015
5900.020
5900.021
5900.014
5900.021
5900.022
5900.013
5900.019
5900.012
5900.013
5900.012
5900.012
5900.012
5900.013
5900.012
5900.013
5900.012
5900.013
5900.012
5900.012
5900.013
6199.982
6199.982
6199.982
6199.982
6199.982
6199.982
6199.982
6199.982
6199.982
6199.982
6199.982
6199.982
6199.982
6199.982
6199.982
6199.982
6199.982
6199.982
6199.982
6199.982
6199.982
6199.982
6199.982
6199.982
6199.982
6199.982
6199.982
6199.982
6199.982
6199.982
6199.982
6199.982
6199.982
6199.982
6199.997
6199.982
6199.982
6199.982
6199.997
6199.982
6199.982
6199.982
6199.982
6199.982
6199.982
6199.997
6199.997
6199.982
6199.997
6199.982
6199.982
6199.982
6199.982
6199.982
6199.982
6199.982
6199.982
6199.982
6199.982
6199.982
6199.982
6199.982
6199.982
6199.982
6199.982
6199.982
6499.985
6499.985
6499.985
6499.985
6499.985
6499.985
6499.985
6499.985
6499.985
6499.985
6499.985
6499.985
6499.985
6499.985
6499.985
6499.985
6499.985
6499.985
6499.985
6499.985
6499.985
6499.985
6499.985
6499.985
6499.985
6499.985
6499.985
6499.985
6499.985
6499.985
6499.985
6499.985
6499.985
6499.985
6499.985
6499.985
6499.985
6499.985
6499.985
6499.985
6499.985
6499.985
6500.000
6499.985
6499.985
6499.985
6500.000
6499.985
6499.985
6499.985
6500.000
6499.985
6499.985
6499.985
6499.985
6499.985
6499.985
6499.985
6499.985
6499.985
6499.985
6499.985
6499.985
6499.985
6499.985
6499.985
6799.988
6799.988
6799.988
6799.988
6799.988
6799.988
6799.988
6799.988
6799.988
6799.988
6799.988
6799.988
6799.988
6799.988
6799.988
6799.988
6799.988
6799.988
6799.988
6799.988
6799.988
6799.988
6799.988
6799.988
6799.988
6799.988
6799.988
6799.988
6799.988
6799.988
6799.988
6799.988
6799.988
6799.988
6799.988
6799.988
6799.988
6799.988
6799.988
6799.988
6799.988
6799.988
6799.988
6799.988
6799.988
6799.988
6800.003
6799.988
6799.988
6799.988
6799.988
6799.988
6799.988
6799.988
6799.988
6799.988
6799.988
6799.988
6799.988
6799.988
6799.988
6799.988
6799.988
6799.988
6799.988
6799.988
7099.991
7100.006
7100.006
7099.991
7099.991
7100.006
7100.006
7099.991
7099.991
7099.991
7100.006
7100.006
7100.006
7100.006
7100.006
7099.991
7099.991
7100.006
7100.006
7100.006
7100.006
7100.006
7100.006
7100.006
7100.006
7100.006
7100.006
7100.006
7100.006
7100.006
7100.006
7100.006
7100.006
7099.991
7100.006
7100.006
7100.006
7100.006
7100.006
7100.006
7100.006
7100.006
7100.006
7100.006
7100.006
7100.006
7100.006
7100.006
7100.006
7099.991
7099.991
7099.991
7099.991
7099.991
7099.991
7100.006
7099.991
7099.991
7100.006
7099.991
7099.991
7100.006
7099.991
7099.991
7099.991
7100.006
7399.979
7399.979
7399.979
7399.979
7399.979
7399.979
7399.979
7399.979
7399.979
7399.979
7399.979
7399.979
7399.979
7399.979
7399.979
7399.979
7399.979
7399.979
7399.979
7399.979
7399.979
7399.979
7399.979
7399.979
7399.979
7399.979
7399.979
7399.979
7399.979
7399.979
7399.979
7399.979
7399.979
7399.979
7399.979
7399.979
7399.979
7399.994
7399.994
7399.979
7399.979
7399.994
7399.979
7399.979
7399.979
7399.994
7399.979
7399.979
7399.994
7399.979
7399.979
7399.979
7399.979
7399.979
7399.979
7399.979
7399.979
7399.979
7399.979
7399.979
7399.979
7399.979
7399.979
7399.979
7399.979
7399.979
7699.997
7699.997
7699.997
7699.997
7699.997
7699.997
7699.997
7699.997
7699.997
7699.997
7699.997
7699.997
7699.997
7699.997
7699.997
7699.997
7699.997
7699.997
7699.997
7699.997
7699.997
7699.997
7699.997
7699.997
7699.997
7699.997
7699.997
7699.997
7699.997
7699.997
7699.997
7699.997
7699.997
7699.997
7699.997
7699.997
7699.997
7699.997
7699.997
7699.997
7699.997
7699.997
7699.997
7699.997
7699.997
7699.997
7699.997
7699.997
7699.982
7699.997
7699.982
7699.997
7699.997
7699.982
7699.997
7699.982
7699.997
7699.997
7699.997
7699.997
7699.997
7699.982
7699.982
7699.997
7699.997
7699.997
8000.000
8000.000
7999.985
7999.985
7999.985
7999.985
7999.985
8000.000
7999.985
7999.985
7999.985
7999.985
7999.985
8000.000
7999.985
8000.000
8000.000
7999.985
7999.985
7999.985
8000.000
8000.000
8000.000
8000.000
8000.000
8000.000
7999.985
8000.000
8000.000
7999.985
8000.000
8000.000
8000.000
8000.000
8000.000
8000.000
8000.000
8000.000
8000.000
8000.000
8000.000
8000.000
8000.000
8000.000
7999.985
8000.000
8000.000
7999.985
7999.985
7999.985
7999.985
7999.985
7999.985
7999.985
7999.985
7999.985
7999.985
7999.985
7999.985
7999.985
7999.985
7999.985
7999.985
7999.985
7999.985
7999.985
8299.988
8299.988
8299.988
8299.988
8299.988
8299.988
8299.988
8299.988
8299.988
8299.988
8299.988
8299.988
8299.988
8300.003
8300.003
8299.988
8300.003
8299.988
8299.988
8300.003
8300.003
8300.003
8299.988
8299.988
8300.003
8299.988
8300.003
8300.003
8300.003
8300.003
8300.003
8299.988
8299.988
8300.003
8300.003
8300.003
8299.988
8299.988
8300.003
8300.003
8299.988
8300.003
8300.003
8300.003
8300.003
8299.988
8299.988
8299.988
8299.988
8299.988
8299.988
8299.988
8299.988
8299.988
8299.988
8299.988
8299.988
8299.988
8299.988
8299.988
8299.988
8299.988
8299.988
8299.988
8299.988
8299.988
8599.991
8599.991
8599.991
8599.991
8599.991
8599.991
8599.991
8599.991
8599.991
8599.991
8599.991
8599.991
8599.991
8599.991
8599.991
8599.991
8599.991
8599.991
8600.006
8600.006
8599.991
8599.991
8600.006
8599.991
8599.991
8600.006
8600.006
8599.991
8600.006
8600.006
8600.006
8599.991
8600.006
8599.991
8599.991
8600.006
8600.006
8600.006
8599.991
8600.006
8599.991
8600.006
8600.006
8599.991
8599.991
8599.991
8599.991
8599.991
8599.991
8599.991
8599.991
8599.991
8599.991
8599.991
8599.991
8599.991
8599.991
8599.991
8599.991
8599.991
8599.991
8599.991
8599.991
8599.991
8599.991
8599.991
8899.994
8899.994
8899.979
8899.979
8899.979
8899.979
8899.979
8899.979
8899.979
8899.979
8899.979
8899.979
8899.979
8899.979
8899.979
8899.994
8899.979
8899.979
8899.979
8899.979
8899.979
8899.994
8899.994
8899.994
8899.994
8899.994
8899.994
8899.994
8899.994
8899.994
8899.994
8899.994
8899.994
8899.979
8899.979
8899.994
8899.994
8899.994
8899.994
8899.979
8899.994
8899.994
8899.994
8899.994
8899.994
8899.979
8899.979
8899.979
8899.979
8899.979
8899.979
8899.979
8899.979
8899.979
8899.979
8899.979
8899.979
8899.979
8899.979
8899.979
8899.979
8899.979
8899.979
8899.979
8899.979
8899.979
9199.982
9199.997
9199.982
9199.982
9199.982
9199.982
9199.982
9199.982
9199.982
9199.982
9199.982
9199.982
9199.982
9199.982
9199.982
9199.982
9199.982
9199.997
9199.982
9199.982
9199.982
9199.982
9199.982
9199.982
9199.997
9199.982
9199.997
9199.997
9199.982
9199.997
9199.997
9199.997
9199.982
9199.982
9199.997
9199.982
9199.997
9199.997
9199.997
9199.997
9199.982
9199.997
9199.997
9199.982
9199.982
9199.982
9199.982
9199.982
9199.982
9199.982
9199.982
9199.982
9199.982
9199.982
9199.982
9199.982
9199.982
9199.982
9199.982
9199.982
9199.982
9199.982
9199.982
9199.982
9199.982
9199.982
9499.985
9499.985
9499.985
9499.985
9499.985
9499.985
9499.985
9499.985
9499.985
9499.985
9499.985
9499.985
9499.985
9499.985
9499.985
9499.985
9499.985
9499.985
9499.985
9499.985
9499.985
9499.985
9499.985
9499.985
9500.000
9499.985
9500.000
9499.985
9500.000
9499.985
9499.985
9499.985
9499.985
9500.000
9500.000
9499.985
9500.000
9500.000
9500.000
9499.985
9500.000
9500.000
9500.000
9499.985
9499.985
9499.985
9499.985
9499.985
9499.985
9499.985
9499.985
9499.985
9499.985
9499.985
9499.985
9499.985
9499.985
9499.985
9499.985
9499.985
9499.985
9499.985
9499.985
9499.985
9499.985
9499.985
9799.988
9799.988
9799.988
9799.988
9799.988
9799.988
9799.988
9799.988
9799.988
9799.988
9799.988
9799.988
9799.988
9799.988
9799.988
9799.988
9799.988
9799.988
9799.988
9799.988
9799.988
9799.988
9799.988
9799.988
9799.988
9800.003
9800.003
9799.988
9799.988
9799.988
9799.988
9799.988
9800.003
9799.988
9799.988
9799.988
9800.003
9800.003
9800.003
9799.988
9799.988
9799.988
9799.988
9799.988
9799.988
9799.988
9799.988
9799.988
9799.988
9799.988
9799.988
9799.988
9799.988
9799.988
9799.988
9799.988
9799.988
9799.988
9799.988
9799.988
9799.988
9799.988
9799.988
9799.988
9799.988
-9700.000
9799.988
