TITLE = "DROGUES FILE"
VARIABLES = "LABELS","X                               ","Y                               ","ELEVATION Z     M               ","COLOUR"
ZONE DATAPACKING=POINT, T="G_    180.0000 SECONDS", I=   4, SOLUTIONTIME=    180.0000
     1,   -177.19468913,    405.12227774,      0.39063649, 1
    10,   -187.64067268,    405.53224464,      0.43368164, 1
    20,   -199.56248176,    407.35837700,      0.45973745, 1
    30,   -211.58259001,    410.13339494,      0.48028631, 1
ZONE DATAPACKING=POINT, T="G_    360.0000 SECONDS", I=   8, SOLUTIONTIME=    360.0000
     1,   -134.48215996,    409.00587318,      0.36760480, 1
    10,   -144.64532570,    408.90325226,      0.41154528, 1
    20,   -156.29943523,    409.77631354,      0.44300108, 1
    30,   -168.22129176,    411.54885292,      0.47142896, 1
    40,   -180.22013036,    414.03570691,      0.49359391, 1
    50,   -192.24114788,    416.98302536,      0.51060290, 1
    60,   -204.30190790,    420.13226007,      0.52592978, 1
    70,   -216.37803334,    423.35834966,      0.54272673, 1
ZONE DATAPACKING=POINT, T="G_    540.0000 SECONDS", I=  11, SOLUTIONTIME=    540.0000
     1,    -91.06839123,    412.00318323,      0.34333936, 1
    10,   -101.00003688,    411.80673509,      0.39167200, 1
    20,   -112.52019954,    412.31402765,      0.42935109, 1
    30,   -124.30140778,    413.52595946,      0.46074405, 1
    40,   -136.26218676,    415.37478379,      0.48320886, 1
    50,   -148.24138238,    417.76219349,      0.50135869, 1
    60,   -160.32567550,    420.53806019,      0.51957123, 1
    70,   -172.47040791,    423.57798030,      0.53781791, 1
    80,   -184.67242464,    426.78473508,      0.55598296, 1
    90,   -196.88139740,    430.06077467,      0.57250878, 1
   100,   -209.05089577,    433.37366158,      0.58657516, 1
ZONE DATAPACKING=POINT, T="G_    720.0000 SECONDS", I=  15, SOLUTIONTIME=    720.0000
     1,    -49.08243419,    414.65696440,      0.33677561, 1
    10,    -58.91603097,    414.36916356,      0.38531587, 1
    20,    -70.19348164,    414.65634662,      0.42049034, 1
    30,    -81.64870609,    415.54147475,      0.45102170, 1
    40,    -93.28821525,    416.99090249,      0.47901948, 1
    50,   -105.03677072,    418.94423848,      0.50212507, 1
    60,   -116.97608504,    421.27686595,      0.52223278, 1
    70,   -129.04787472,    423.91310222,      0.54025683, 1
    80,   -141.15787535,    426.83398614,      0.55955346, 1
    90,   -153.29731794,    430.00274679,      0.57687494, 1
   100,   -165.44599769,    433.31687398,      0.59059627, 1
   110,   -177.58534393,    436.69165833,      0.60179097, 1
   120,   -189.72337729,    440.04508343,      0.61242803, 1
   130,   -201.84317269,    443.38110170,      0.62314954, 1
   140,   -213.94138957,    446.69659738,      0.63345415, 1
ZONE DATAPACKING=POINT, T="G_    900.0000 SECONDS", I=  19, SOLUTIONTIME=    900.0000
     1,     -8.51902442,    417.32125191,      0.33200984, 1
    10,    -18.03690073,    417.04817646,      0.38139833, 1
    20,    -28.91244497,    417.25023738,      0.41802582, 1
    30,    -40.06488726,    417.91383963,      0.45006707, 1
    40,    -51.46471605,    419.02134774,      0.47883516, 1
    50,    -63.01744401,    420.54194466,      0.50392509, 1
    60,    -74.68838219,    422.45156286,      0.52655472, 1
    70,    -86.54541859,    424.70272302,      0.54758634, 1
    80,    -98.57690627,    427.28388210,      0.56697971, 1
    90,   -110.61454656,    430.19668545,      0.58345859, 1
   100,   -122.66470149,    433.32768068,      0.59726110, 1
   110,   -134.70660507,    436.59263823,      0.60898529, 1
   120,   -146.74132077,    439.94705855,      0.61994357, 1
   130,   -158.76479079,    443.32176522,      0.63084788, 1
   140,   -170.78917720,    446.70818064,      0.64054395, 1
   150,   -182.81598969,    450.08265395,      0.64769390, 1
   160,   -194.83462107,    453.42652114,      0.65291311, 1
   170,   -206.81521611,    456.73295558,      0.65892387, 1
   180,   -218.79836146,    460.00735782,      0.66734175, 1
ZONE DATAPACKING=POINT, T="G_   1080.0000 SECONDS", I=  22, SOLUTIONTIME=   1080.0000
     1,     33.40140233,    420.25858613,      0.31951391, 1
    10,     24.31780762,    419.96320700,      0.36879204, 1
    20,     13.95992706,    420.14054518,      0.40728993, 1
    30,      3.31930855,    420.72290821,      0.44214369, 1
    40,     -7.74001587,    421.64645464,      0.47414360, 1
    50,    -19.17611886,    422.84570056,      0.50077569, 1
    60,    -30.86642558,    424.33993264,      0.52328000, 1
    70,    -42.70669748,    426.16078414,      0.54471948, 1
    80,    -54.74373307,    428.32881829,      0.56567431, 1
    90,    -66.79834289,    430.86434479,      0.58355399, 1
   100,    -78.89804521,    433.71327756,      0.59760291, 1
   110,    -90.98338259,    436.76824460,      0.60936394, 1
   120,   -103.06195913,    439.99131786,      0.61984125, 1
   130,   -115.13736867,    443.30264252,      0.63089751, 1
   140,   -127.21563690,    446.67432135,      0.64142191, 1
   150,   -139.30511718,    450.08853494,      0.64914467, 1
   160,   -151.37596032,    453.47196112,      0.65451003, 1
   170,   -163.40092924,    456.77738099,      0.66038414, 1
   180,   -175.43188435,    460.08530938,      0.66801934, 1
   190,   -187.48685487,    463.41714645,      0.67673241, 1
   200,   -199.53101943,    466.74064066,      0.68575040, 1
   210,   -211.56101751,    470.04219788,      0.69527714, 1
ZONE DATAPACKING=POINT, T="G_   1260.0000 SECONDS", I=  26, SOLUTIONTIME=   1260.0000
     1,     75.81791361,    424.40925830,      0.30886574, 1
    10,     67.31525132,    423.88538838,      0.35864941, 1
    20,     57.44203020,    423.80667925,      0.39740788, 1
    30,     47.29866000,    424.13271491,      0.43289181, 1
    40,     36.62595339,    424.78527172,      0.46590342, 1
    50,     25.48998341,    425.68177902,      0.49409124, 1
    60,     14.07401241,    426.86284346,      0.51923290, 1
    70,      2.34388867,    428.32470989,      0.54220929, 1
    80,     -9.71850850,    430.08007236,      0.56302701, 1
    90,    -21.87400506,    432.19403690,      0.58033340, 1
   100,    -34.02463492,    434.64410491,      0.59423362, 1
   110,    -46.16969494,    437.38753645,      0.60645838, 1
   120,    -58.32018103,    440.35171310,      0.61780295, 1
   130,    -70.48648743,    443.48798243,      0.62859606, 1
   140,    -82.66736217,    446.73040477,      0.63866473, 1
   150,    -94.84579588,    450.03310920,      0.64647585, 1
   160,   -107.00182883,    453.34991691,      0.65224627, 1
   170,   -119.11955990,    456.65046369,      0.65869384, 1
   180,   -131.24211438,    459.97821939,      0.66661787, 1
   190,   -143.37739242,    463.32224197,      0.67509737, 1
   200,   -155.51780124,    466.65950306,      0.68415600, 1
   210,   -167.66471722,    469.99930497,      0.69356246, 1
   220,   -179.82794951,    473.35921655,      0.70292181, 1
   230,   -192.00321495,    476.71851150,      0.71275758, 1
   240,   -204.18025363,    480.05537387,      0.72250923, 1
   250,   -216.35021838,    483.35281501,      0.73203345, 1
ZONE DATAPACKING=POINT, T="G_   1440.0000 SECONDS", I=  29, SOLUTIONTIME=   1440.0000
     1,    114.55120657,    430.40164859,      0.29705759, 1
    10,    106.84655324,    429.45808096,      0.34881503, 1
    20,     97.69772388,    428.94259023,      0.38893725, 1
    30,     88.25534942,    428.84339256,      0.42566350, 1
    40,     78.15318893,    429.06374509,      0.46038394, 1
    50,     67.51214278,    429.53824920,      0.49048723, 1
    60,     56.49910514,    430.27953311,      0.51747395, 1
    70,     45.14653665,    431.28746947,      0.54215258, 1
    80,     33.36480011,    432.59122876,      0.56381324, 1
    90,     21.43385334,    434.27141085,      0.58184852, 1
   100,      9.41991526,    436.32816401,      0.59616598, 1
   110,     -2.63613173,    438.69043043,      0.60812345, 1
   120,    -14.74893847,    441.28823470,      0.61937927, 1
   130,    -26.87951938,    444.08929090,      0.63083006, 1
   140,    -39.03311080,    447.06841020,      0.64186335, 1
   150,    -51.18464480,    450.19075999,      0.65001568, 1
   160,    -63.30781862,    453.38116939,      0.65526620, 1
   170,    -75.39277853,    456.57470425,      0.66134258, 1
   180,    -87.48971219,    459.80075833,      0.66943435, 1
   190,    -99.59320043,    463.07970570,      0.67787895, 1
   200,   -111.70150391,    466.40544648,      0.68686452, 1
   210,   -123.81595708,    469.76948273,      0.69618313, 1
   220,   -135.94148487,    473.14677871,      0.70529880, 1
   230,   -148.09233539,    476.53077207,      0.71514027, 1
   240,   -160.30034963,    479.93069960,      0.72554342, 1
   250,   -172.53161047,    483.33836272,      0.73533496, 1
   260,   -184.73927249,    486.72264663,      0.74377696, 1
   270,   -196.91911612,    490.07129721,      0.75070653, 1
   280,   -209.07282625,    493.38259037,      0.75652687, 1
ZONE DATAPACKING=POINT, T="G_   1620.0000 SECONDS", I=  33, SOLUTIONTIME=   1620.0000
     1,    150.41336906,    439.12408624,      0.28197101, 1
    10,    143.68270404,    437.57895583,      0.33476785, 1
    20,    135.39175217,    436.42692913,      0.37711248, 1
    30,    126.80718179,    435.72346160,      0.41618186, 1
    40,    117.53322383,    435.36306021,      0.45324989, 1
    50,    107.48446864,    435.20944593,      0.48569733, 1
    60,     97.04875907,    435.33631431,      0.51472359, 1
    70,     86.15859411,    435.73183264,      0.54121854, 1
    80,     74.78260992,    436.43611058,      0.56467285, 1
    90,     63.17086750,    437.57198606,      0.58352365, 1
   100,     51.45762897,    439.11172289,      0.59822085, 1
   110,     39.64585694,    441.00091215,      0.61000446, 1
   120,     27.73823625,    443.16848521,      0.62115503, 1
   130,     15.76392780,    445.57870974,      0.63312671, 1
   140,      3.72803939,    448.19780419,      0.64471119, 1
   150,     -8.32854437,    450.96784400,      0.65387232, 1
   160,    -20.36266061,    453.86584688,      0.66004825, 1
   170,    -32.36912777,    456.83450961,      0.66650512, 1
   180,    -44.38608206,    459.90722840,      0.67445857, 1
   190,    -56.41877463,    463.07193927,      0.68268719, 1
   200,    -68.45707256,    466.29137236,      0.69177933, 1
   210,    -80.50630987,    469.55841855,      0.70139970, 1
   220,    -92.56704739,    472.87782383,      0.71047222, 1
   230,   -104.64870117,    476.24869605,      0.71991076, 1
   240,   -116.78346321,    479.66326164,      0.72998351, 1
   250,   -128.96882672,    483.10818782,      0.73976880, 1
   260,   -141.17845791,    486.54171011,      0.74839285, 1
   270,   -153.37906247,    489.96915159,      0.75588137, 1
   280,   -165.54271502,    493.36865799,      0.76242677, 1
   290,   -177.67702887,    496.74380173,      0.76825160, 1
   300,   -189.79389648,    500.09439330,      0.77344394, 1
   310,   -201.88848042,    503.41509063,      0.77792478, 1
   320,   -213.96648891,    506.70039237,      0.78210382, 1
ZONE DATAPACKING=POINT, T="G_   1800.0000 SECONDS", I=  37, SOLUTIONTIME=   1800.0000
     1,    187.62622646,    454.21435536,      0.28224728, 1
    10,    181.59501896,    451.43004018,      0.33012961, 1
    20,    174.02697185,    449.02692156,      0.36806343, 1
    30,    166.24393851,    447.22803761,      0.40471452, 1
    40,    157.79347553,    445.80478919,      0.44065442, 1
    50,    148.52138398,    444.66661294,      0.47296434, 1
    60,    138.74311767,    443.80869037,      0.50359743, 1
    70,    128.46934149,    443.25859452,      0.53267019, 1
    80,    117.57958399,    443.03382655,      0.55858625, 1
    90,    106.31452608,    443.27903315,      0.57949156, 1
   100,     94.88988055,    443.99816798,      0.59572148, 1
   110,     83.29658860,    445.12486071,      0.60870214, 1
   120,     71.61485004,    446.64288931,      0.62018708, 1
   130,     59.80396706,    448.46744265,      0.63203127, 1
   140,     47.86656685,    450.51879844,      0.64381635, 1
   150,     35.89689592,    452.78926954,      0.65318164, 1
   160,     23.93151037,    455.26248099,      0.65978083, 1
   170,     11.95888730,    457.88647576,      0.66666444, 1
   180,     -0.03695187,    460.65392273,      0.67501578, 1
   190,    -12.04725841,    463.55758676,      0.68369699, 1
   200,    -24.08421814,    466.58073668,      0.69256422, 1
   210,    -36.15652820,    469.68416419,      0.70171900, 1
   220,    -48.24534662,    472.86385058,      0.71081004, 1
   230,    -60.34599021,    476.11825026,      0.72065435, 1
   240,    -72.50913433,    479.44198555,      0.73112739, 1
   250,    -84.74827833,    482.82145569,      0.74102513, 1
   260,    -97.01037501,    486.23184648,      0.74925810, 1
   270,   -109.27506893,    489.65747370,      0.75636072, 1
   280,   -121.53634855,    493.08033562,      0.76297581, 1
   290,   -133.79320921,    496.50136803,      0.76924233, 1
   300,   -146.02750095,    499.92524555,      0.77497743, 1
   310,   -158.21567833,    503.32970050,      0.77982803, 1
   320,   -170.35517044,    506.69588382,      0.78358018, 1
   330,   -182.48983966,    510.05605609,      0.78823712, 1
   340,   -194.61953366,    513.40870186,      0.79445910, 1
   350,   -206.70673763,    516.72624342,      0.80225417, 1
   360,   -218.79200707,    520.00708914,      0.81219924, 1
ZONE DATAPACKING=POINT, T="G_   1980.0000 SECONDS", I=  40, SOLUTIONTIME=   1980.0000
     1,    233.04987891,    486.06712435,      0.31144286, 1
    10,    225.06617251,    479.53435457,      0.35445806, 1
    20,    216.46791210,    473.54625813,      0.38685998, 1
    30,    208.47267923,    468.85950076,      0.41814783, 1
    40,    200.14292613,    464.93580232,      0.44829213, 1
    50,    191.07308888,    461.53700975,      0.47436518, 1
    60,    181.67137896,    458.74823823,      0.49969209, 1
    70,    171.85030665,    456.42436428,      0.52483310, 1
    80,    161.44063328,    454.57121010,      0.54892155, 1
    90,    150.61005594,    453.34325001,      0.56929242, 1
   100,    139.57914371,    452.74203136,      0.58660063, 1
   110,    128.28328784,    452.64750894,      0.60197295, 1
   120,    116.81342102,    453.03087911,      0.61547120, 1
   130,    105.18488528,    453.83780576,      0.62865019, 1
   140,     93.37965870,    455.00188264,      0.64117116, 1
   150,     81.52779405,    456.48530434,      0.65117221, 1
   160,     69.61952607,    458.27314357,      0.65828967, 1
   170,     57.64804292,    460.26399013,      0.66563929, 1
   180,     45.65874656,    462.49522419,      0.67426099, 1
   190,     33.64305418,    464.95706026,      0.68295383, 1
   200,     21.58260688,    467.62277482,      0.69170114, 1
   210,      9.48844989,    470.43350833,      0.70068359, 1
   220,     -2.65604258,    473.34402785,      0.70956991, 1
   230,    -14.84658815,    476.36329466,      0.71921646, 1
   240,    -27.09847964,    479.48724809,      0.72937566, 1
   250,    -39.42739102,    482.70900343,      0.73907209, 1
   260,    -51.77087235,    485.99790858,      0.74748343, 1
   270,    -64.12608677,    489.34380506,      0.75469277, 1
   280,    -76.50892076,    492.70747327,      0.76123156, 1
   290,    -88.91202301,    496.09101197,      0.76717179, 1
   300,   -101.30093662,    499.50077419,      0.77270616, 1
   310,   -113.65557630,    502.91180255,      0.77771352, 1
   320,   -125.97107169,    506.31026726,      0.78172456, 1
   330,   -138.25184370,    509.71129829,      0.78613252, 1
   340,   -150.50706406,    513.12451289,      0.79190829, 1
   350,   -162.75619002,    516.54582460,      0.79932021, 1
   360,   -175.01417222,    519.96686291,      0.80818226, 1
   370,   -187.24966891,    523.36832113,      0.81779610, 1
   380,   -199.40083681,    526.72307497,      0.82720406, 1
   390,   -211.51800675,    530.03640946,      0.83683113, 1
ZONE DATAPACKING=POINT, T="G_   2160.0000 SECONDS", I=  44, SOLUTIONTIME=   2160.0000
     1,    332.49950159,    512.92068078,      0.23639444, 1
    10,    316.59678804,    511.78610470,      0.29723264, 1
    20,    297.60909202,    510.08847061,      0.37010859, 1
    30,    279.05708046,    507.25998168,      0.43863751, 1
    40,    260.64611467,    502.38524148,      0.48036282, 1
    50,    243.48566740,    494.86611250,      0.50353385, 1
    60,    229.63855754,    487.06107327,      0.52239561, 1
    70,    217.62156358,    480.35991421,      0.54190000, 1
    80,    206.14291542,    474.87922328,      0.56012390, 1
    90,    194.86175762,    470.72401866,      0.57550839, 1
   100,    183.69919321,    467.63745931,      0.58907266, 1
   110,    172.43900740,    465.39216740,      0.60157877, 1
   120,    161.13170899,    463.96083546,      0.61373403, 1
   130,    149.68584624,    463.17948246,      0.62609463, 1
   140,    138.02580454,    462.93354404,      0.63934900, 1
   150,    126.30310468,    463.19520625,      0.65060777, 1
   160,    114.51953054,    463.88199551,      0.65874713, 1
   170,    102.63872344,    464.93631333,      0.66651157, 1
   180,     90.69208074,    466.32282140,      0.67546258, 1
   190,     78.68984288,    468.03180016,      0.68456171, 1
   200,     66.65833406,    470.06052990,      0.69382195, 1
   210,     54.58315021,    472.31170392,      0.70303500, 1
   220,     42.44354372,    474.77330862,      0.71175294, 1
   230,     30.24435957,    477.41981507,      0.72096139, 1
   240,     17.97532573,    480.22756862,      0.73083856, 1
   250,      5.60735350,    483.16639145,      0.74044111, 1
   260,     -6.79617130,    486.20542583,      0.74887239, 1
   270,    -19.21297195,    489.34490163,      0.75610035, 1
   280,    -31.63725615,    492.55390682,      0.76251621, 1
   290,    -44.07366433,    495.82302830,      0.76831095, 1
   300,    -56.52232135,    499.14210150,      0.77359477, 1
   310,    -68.96952784,    502.47700283,      0.77831261, 1
   320,    -81.38176569,    505.83070943,      0.78215776, 1
   330,    -93.75823309,    509.21753550,      0.78665383, 1
   340,   -106.11825319,    512.64115801,      0.79272979, 1
   350,   -118.47777971,    516.08426548,      0.80015785, 1
   360,   -130.83867517,    519.53814229,      0.80861854, 1
   370,   -143.18239836,    522.99780872,      0.81798446, 1
   380,   -155.47852327,    526.45891265,      0.82810136, 1
   390,   -167.75632339,    529.91357162,      0.83841201, 1
   400,   -180.01727686,    533.33740854,      0.84725792, 1
   410,   -192.18964166,    536.71819373,      0.85441173, 1
   420,   -204.27140234,    540.05669858,      0.85971881, 1
   430,   -216.36500000,    543.35267386,      0.86533218, 1
ZONE DATAPACKING=POINT, T="G_   2340.0000 SECONDS", I=  47, SOLUTIONTIME=   2340.0000
     1,    442.74899093,    511.24091098,      0.24494236, 1
    10,    426.20096880,    512.78870112,      0.28669713, 1
    20,    405.77121609,    513.90272546,      0.32345627, 1
    30,    386.10313897,    513.92536819,      0.36136786, 1
    40,    366.37177170,    513.49606070,      0.39929967, 1
    50,    345.43184621,    512.95494763,      0.43817836, 1
    60,    324.06383151,    512.33206155,      0.47929535, 1
    70,    301.70304917,    511.30803429,      0.53051373, 1
    80,    277.93595101,    508.85529279,      0.58054796, 1
    90,    254.98478853,    503.41457995,      0.60330373, 1
   100,    236.13551675,    495.82584359,      0.61309967, 1
   110,    221.10324460,    488.93294366,      0.62053412, 1
   120,    207.88418546,    483.65218046,      0.62739997, 1
   130,    195.37698683,    479.69720327,      0.63615060, 1
   140,    183.21728205,    476.87635253,      0.64717526, 1
   150,    171.19245081,    474.96115691,      0.65712139, 1
   160,    159.15371418,    473.79309008,      0.66475247, 1
   170,    147.18519010,    473.29071938,      0.67193079, 1
   180,    135.24363807,    473.38117010,      0.68047592, 1
   190,    123.21432387,    473.91495851,      0.68860100, 1
   200,    111.11523527,    474.87349850,      0.69782722, 1
   210,     99.02598496,    476.21578417,      0.70715622, 1
   220,     86.88820743,    477.89594588,      0.71595910, 1
   230,     74.70130652,    479.90379117,      0.72522860, 1
   240,     62.44855213,    482.17358156,      0.73506570, 1
   250,     50.07311852,    484.65609690,      0.74432893, 1
   260,     37.66873966,    487.30622141,      0.75241362, 1
   270,     25.23713783,    490.08360433,      0.75953288, 1
   280,     12.78564748,    492.99256449,      0.76604517, 1
   290,      0.32603362,    496.01946051,      0.77193555, 1
   300,    -12.14188225,    499.15383221,      0.77725607, 1
   310,    -24.59828148,    502.34662494,      0.78197347, 1
   320,    -37.02544774,    505.59517812,      0.78594683, 1
   330,    -49.44712416,    508.88151691,      0.79046960, 1
   340,    -61.87521068,    512.21190957,      0.79642153, 1
   350,    -74.29573559,    515.59831447,      0.80380768, 1
   360,    -86.70905977,    519.03341587,      0.81243430, 1
   370,    -99.10896392,    522.49975711,      0.82199444, 1
   380,   -111.49094388,    525.98202481,      0.83221353, 1
   390,   -123.85522159,    529.46087051,      0.84241731, 1
   400,   -136.18138868,    532.93796433,      0.85131215, 1
   410,   -148.43883818,    536.41282363,      0.85933130, 1
   420,   -160.63885321,    539.87650575,      0.86626274, 1
   430,   -172.82962322,    543.29847502,      0.87215018, 1
   440,   -184.99262891,    546.67866642,      0.87692781, 1
   450,   -197.08191465,    550.03222033,      0.88069020, 1
   460,   -209.13442310,    553.36897484,      0.88439084, 1
ZONE DATAPACKING=POINT, T="G_   2520.0000 SECONDS", I=  51, SOLUTIONTIME=   2520.0000
     1,    545.23716722,    503.84577822,      0.24771952, 1
    10,    532.95313602,    506.98557584,      0.29657886, 1
    20,    516.42171716,    510.50712059,      0.33648551, 1
    30,    498.05166654,    512.83237566,      0.37259996, 1
    40,    477.84330966,    514.06254430,      0.40798877, 1
    50,    455.46044428,    514.15609798,      0.43976204, 1
    60,    432.60053916,    513.24313375,      0.46580006, 1
    70,    409.71457741,    512.00192353,      0.49651861, 1
    80,    386.98988274,    511.18907931,      0.53012778, 1
    90,    364.02020795,    511.35632084,      0.55791384, 1
   100,    340.53819481,    512.29163198,      0.58381430, 1
   110,    316.08417695,    513.32888754,      0.60888576, 1
   120,    291.02042867,    513.30562640,      0.63889736, 1
   130,    266.16616361,    510.69079701,      0.65762473, 1
   140,    244.20653070,    505.22333987,      0.66831759, 1
   150,    226.33387816,    498.97451313,      0.67259758, 1
   160,    211.10232712,    493.79884848,      0.67537222, 1
   170,    197.19025823,    489.89334947,      0.68022643, 1
   180,    183.95143633,    487.15864943,      0.68700441, 1
   190,    171.08698418,    485.38244656,      0.69398485, 1
   200,    158.45903425,    484.41955718,      0.70173525, 1
   210,    145.95717307,    484.12400695,      0.71010507, 1
   220,    133.53449847,    484.41174242,      0.71858667, 1
   230,    121.11554313,    485.22725605,      0.72774436, 1
   240,    108.67418972,    486.47621116,      0.73756914, 1
   250,     96.18019410,    488.08499138,      0.74669981, 1
   260,     83.65763106,    490.00156910,      0.75440304, 1
   270,     71.11299438,    492.16926925,      0.76114070, 1
   280,     58.55339836,    494.57826345,      0.76727994, 1
   290,     45.99338762,    497.17085983,      0.77292104, 1
   300,     33.43205399,    499.92395985,      0.77818490, 1
   310,     20.87887776,    502.78730618,      0.78294446, 1
   320,      8.35483462,    505.75714380,      0.78685221, 1
   330,     -4.16038976,    508.83787481,      0.79140095, 1
   340,    -16.66798991,    512.02210124,      0.79728682, 1
   350,    -29.18403313,    515.29746695,      0.80488698, 1
   360,    -41.71079831,    518.64083298,      0.81379924, 1
   370,    -54.23267440,    522.02300889,      0.82378819, 1
   380,    -66.73626659,    525.44105403,      0.83454581, 1
   390,    -79.21139177,    528.88760128,      0.84515829, 1
   400,    -91.63461513,    532.34574526,      0.85378752, 1
   410,   -103.99449480,    535.81222588,      0.86106270, 1
   420,   -116.32173477,    539.27237572,      0.86834632, 1
   430,   -128.64494858,    542.72520346,      0.87539048, 1
   440,   -140.96501674,    546.19072328,      0.88026021, 1
   450,   -153.22228152,    549.65499900,      0.88450835, 1
   460,   -165.40146797,    553.10658330,      0.88870411, 1
   470,   -177.57824384,    556.52417374,      0.89226889, 1
   480,   -189.74184450,    559.92659070,      0.89606098, 1
   490,   -201.86476466,    563.32690111,      0.90142382, 1
   500,   -213.95772808,    566.68518217,      0.90837265, 1
ZONE DATAPACKING=POINT, T="G_   2700.0000 SECONDS", I=  55, SOLUTIONTIME=   2700.0000
     1,    638.48962526,    496.10851505,      0.24553869, 1
    10,    631.28473035,    499.49318895,      0.29582069, 1
    20,    620.23102975,    503.63370531,      0.33627778, 1
    30,    605.88081678,    507.03715406,      0.37442653, 1
    40,    588.75508657,    509.93919840,      0.41102642, 1
    50,    567.99259678,    512.19865106,      0.44453591, 1
    60,    544.77825774,    513.20208182,      0.47428787, 1
    70,    520.22498386,    512.95352476,      0.49894829, 1
    80,    495.39379389,    511.67480702,      0.52340630, 1
    90,    471.74433628,    509.92806329,      0.54843700, 1
   100,    449.67944147,    508.61640084,      0.57350008, 1
   110,    428.25738494,    508.30503424,      0.59445491, 1
   120,    406.67259029,    509.21479700,      0.61653976, 1
   130,    383.62207790,    511.35673171,      0.63830073, 1
   140,    358.90883213,    514.33120594,      0.65745207, 1
   150,    332.52389235,    517.04763592,      0.67365812, 1
   160,    305.51245461,    518.52786651,      0.68525767, 1
   170,    278.94966480,    517.91585402,      0.69559323, 1
   180,    254.33212313,    514.48844914,      0.70224643, 1
   190,    233.41593811,    509.27067146,      0.70471633, 1
   200,    215.94980889,    504.33615309,      0.70800948, 1
   210,    200.49451310,    500.59691528,      0.71379664, 1
   220,    186.12862712,    497.98205038,      0.72078078, 1
   230,    172.41612892,    496.37866367,      0.72893537, 1
   240,    159.05323328,    495.62962977,      0.73804807, 1
   250,    145.83943713,    495.58634301,      0.74685288, 1
   260,    132.76866599,    496.12886984,      0.75456796, 1
   270,    119.79345458,    497.10896707,      0.76103886, 1
   280,    106.86553253,    498.44875712,      0.76654581, 1
   290,     93.98643724,    500.17612453,      0.77172097, 1
   300,     81.16043398,    502.22062766,      0.77682230, 1
   310,     68.36669835,    504.51231523,      0.78163231, 1
   320,     55.63204168,    506.99675289,      0.78532137, 1
   330,     42.91517054,    509.65902086,      0.78981369, 1
   340,     30.22705837,    512.48892173,      0.79604312, 1
   350,     17.52612891,    515.46128971,      0.80378439, 1
   360,      4.81685328,    518.55778273,      0.81259415, 1
   370,     -7.89030230,    521.75258068,      0.82210406, 1
   380,    -20.58953230,    525.03315686,      0.83252994, 1
   390,    -33.23333147,    528.36889362,      0.84285041, 1
   400,    -45.81606983,    531.74241628,      0.85188230, 1
   410,    -58.34389731,    535.14451050,      0.86012443, 1
   420,    -70.84059307,    538.55995348,      0.86717601, 1
   430,    -83.32621352,    541.98171522,      0.87317039, 1
   440,    -95.77446080,    545.41131496,      0.87806761, 1
   450,   -108.18057399,    548.84403430,      0.88250030, 1
   460,   -120.56948152,    552.27894040,      0.88820411, 1
   470,   -132.97049290,    555.75061222,      0.89199225, 1
   480,   -145.36623630,    559.27037641,      0.89499955, 1
   490,   -157.66925413,    562.79576066,      0.89995560, 1
   500,   -169.94355322,    566.31721210,      0.90706898, 1
   510,   -182.21513883,    569.82056650,      0.91529840, 1
   520,   -194.44579294,    573.31399193,      0.92438092, 1
   530,   -206.63199566,    576.70415082,      0.93328769, 1
   540,   -218.78604945,    580.00688653,      0.94211474, 1
ZONE DATAPACKING=POINT, T="G_   2880.0000 SECONDS", I=  58, SOLUTIONTIME=   2880.0000
     1,    718.92086446,    489.21938450,      0.25034580, 1
    10,    716.39461950,    492.80584451,      0.30310468, 1
    20,    710.74005947,    497.23747127,      0.34618567, 1
    30,    701.06956700,    501.01784846,      0.38447604, 1
    40,    688.39227328,    504.44911327,      0.42090971, 1
    50,    671.68630651,    507.43938852,      0.45396982, 1
    60,    651.08064271,    509.50549695,      0.48186501, 1
    70,    627.72866099,    510.60832908,      0.50328084, 1
    80,    602.40912979,    510.68721505,      0.52539867, 1
    90,    576.89632157,    509.89311439,      0.54437204, 1
   100,    552.65231790,    508.56782373,      0.56556244, 1
   110,    530.01098714,    507.19652209,      0.58375857, 1
   120,    509.25746851,    506.29133222,      0.60474122, 1
   130,    489.41631408,    506.16875579,      0.62763617, 1
   140,    469.63149948,    507.21226849,      0.65287416, 1
   150,    449.09082930,    509.58308750,      0.67488839, 1
   160,    426.03443194,    512.96895299,      0.68884456, 1
   170,    400.07185536,    516.85426758,      0.70396231, 1
   180,    371.72385644,    520.44692771,      0.71573855, 1
   190,    342.08676500,    523.01915214,      0.72358664, 1
   200,    312.95191264,    524.35990544,      0.72674387, 1
   210,    285.30335959,    524.09371516,      0.73023412, 1
   220,    259.75508911,    521.67184916,      0.73332116, 1
   230,    237.60543497,    517.64370597,      0.73763696, 1
   240,    218.74149388,    513.58228217,      0.74407928, 1
   250,    202.00826669,    510.35431874,      0.75069934, 1
   260,    186.58905536,    508.16707646,      0.75674241, 1
   270,    171.94357649,    506.90875148,      0.76222457, 1
   280,    157.79343551,    506.42870004,      0.76687757, 1
   290,    144.02278476,    506.62361756,      0.77183084, 1
   300,    130.49470153,    507.35430792,      0.77657295, 1
   310,    117.17106969,    508.53559782,      0.78081495, 1
   320,    103.98832136,    510.11721020,      0.78484500, 1
   330,     90.88992523,    512.03188715,      0.79020378, 1
   340,     77.87494457,    514.24831669,      0.79665862, 1
   350,     64.89377438,    516.70710990,      0.80419042, 1
   360,     51.92447023,    519.37477641,      0.81274461, 1
   370,     39.01261697,    522.21767991,      0.82266900, 1
   380,     26.13590686,    525.21188440,      0.83363033, 1
   390,     13.28148403,    528.31105301,      0.84484022, 1
   400,      0.48116191,    531.49033118,      0.85415626, 1
   410,    -12.25026004,    534.73382777,      0.86182086, 1
   420,    -24.89175683,    538.01182810,      0.86773451, 1
   430,    -37.46755548,    541.31221668,      0.87251196, 1
   440,    -50.04735248,    544.66115689,      0.87819925, 1
   450,    -62.60956951,    548.05138953,      0.88343587, 1
   460,    -75.15889620,    551.46786617,      0.88781900, 1
   470,    -87.67948673,    554.90211702,      0.89158237, 1
   480,   -100.15503542,    558.37466919,      0.89544961, 1
   490,   -112.61904541,    561.90690604,      0.90196039, 1
   500,   -125.08838373,    565.49802249,      0.91014933, 1
   510,   -137.56894898,    569.10743395,      0.91810728, 1
   520,   -149.98000254,    572.68188399,      0.92549860, 1
   530,   -162.32455907,    576.25150795,      0.93352183, 1
   540,   -174.65914950,    579.83155307,      0.94460633, 1
   550,   -187.00562535,    583.28764423,      0.95269018, 1
   560,   -199.31028446,    586.65926077,      0.95890300, 1
   570,   -211.51364392,    589.99518362,      0.96705190, 1
ZONE DATAPACKING=POINT, T="G_   3060.0000 SECONDS", I=  61, SOLUTIONTIME=   3060.0000
     1,    783.18787816,    480.45678519,      0.25971995, 1
    10,    784.85841350,    484.50087908,      0.31022109, 1
    20,    784.23653512,    489.68043906,      0.34472040, 1
    30,    779.61153858,    494.30823264,      0.37662545, 1
    40,    772.17857216,    498.54238928,      0.41491968, 1
    50,    760.65396550,    502.37727278,      0.45342094, 1
    60,    744.70310812,    505.29214423,      0.48691600, 1
    70,    724.92581481,    507.21073821,      0.51465503, 1
    80,    701.86850808,    508.09907804,      0.53642905, 1
    90,    677.23381184,    508.00813175,      0.55350042, 1
   100,    652.43942573,    507.17276228,      0.56937576, 1
   110,    628.81903769,    505.99014501,      0.58042273, 1
   120,    607.01959650,    504.85265789,      0.59687013, 1
   130,    586.67964326,    504.09355335,      0.61683959, 1
   140,    567.93249800,    504.11595272,      0.64237376, 1
   150,    550.03866448,    505.12292631,      0.66581919, 1
   160,    531.31529837,    507.17142284,      0.68538067, 1
   170,    511.36773000,    510.16314908,      0.70454668, 1
   180,    489.28907769,    513.88777575,      0.72263904, 1
   190,    464.32852803,    517.97458251,      0.73881545, 1
   200,    435.93658540,    521.79628552,      0.74956125, 1
   210,    405.30121131,    524.76979222,      0.75840036, 1
   220,    373.84000452,    526.84315940,      0.76405958, 1
   230,    343.02576586,    528.38052671,      0.76730409, 1
   240,    313.51311092,    529.47220638,      0.76733435, 1
   250,    285.53973482,    529.41976232,      0.76856208, 1
   260,    259.78500022,    527.62148534,      0.76847425, 1
   270,    237.13030022,    524.48432194,      0.76923053, 1
   280,    217.51106613,    521.26267692,      0.77150232, 1
   290,    200.07109423,    518.77012911,      0.77505266, 1
   300,    184.00976836,    517.21258083,      0.77938459, 1
   310,    168.90766570,    516.49262936,      0.78344957, 1
   320,    154.44666456,    516.50284342,      0.78728190, 1
   330,    140.41056831,    517.12463703,      0.79263746, 1
   340,    126.66295422,    518.25514802,      0.79924381, 1
   350,    113.09115402,    519.82134600,      0.80764825, 1
   360,     99.65797712,    521.74110660,      0.81697798, 1
   370,     86.35988763,    523.96042802,      0.82667044, 1
   380,     73.12635465,    526.41805558,      0.83677459, 1
   390,     59.98653053,    529.09086968,      0.84736151, 1
   400,     46.97014197,    531.91978238,      0.85631871, 1
   410,     34.07563571,    534.89429407,      0.86443359, 1
   420,     21.25711378,    537.95639376,      0.87165097, 1
   430,      8.49152646,    541.07805579,      0.87767257, 1
   440,     -4.24054762,    544.25622096,      0.88283537, 1
   450,    -16.93075806,    547.48818143,      0.88727932, 1
   460,    -29.57005447,    550.77455351,      0.89125010, 1
   470,    -42.18554663,    554.12683494,      0.89546675, 1
   480,    -54.78755580,    557.56176546,      0.90019152, 1
   490,    -67.37623028,    561.08265224,      0.90605704, 1
   500,    -79.93612396,    564.63759174,      0.91358721, 1
   510,    -92.45020304,    568.22669848,      0.92207205, 1
   520,   -104.95729895,    571.85568425,      0.93070012, 1
   530,   -117.45787744,    575.52233475,      0.94022774, 1
   540,   -129.95688512,    579.16330517,      0.95002789, 1
   550,   -142.50063677,    582.67115150,      0.95673035, 1
   560,   -154.98462001,    586.15645417,      0.96337601, 1
   570,   -167.41311719,    589.64564741,      0.97178934, 1
   580,   -179.77464977,    593.08964027,      0.97908612, 1
   590,   -192.02114016,    596.55423547,      0.98795964, 1
   600,   -204.22348155,    599.99357672,      0.99846746, 1
ZONE DATAPACKING=POINT, T="G_   3240.0000 SECONDS", I=  61, SOLUTIONTIME=   3240.0000
     1,    840.39138665,    462.58523361,      0.38720048, 1
    10,    847.09682303,    467.62957393,      0.48228419, 1
    20,    851.59178606,    474.57561107,      0.56462053, 1
    30,    850.52956641,    481.31538874,      0.60067462, 1
    40,    846.13614332,    487.75568394,      0.61202704, 1
    50,    837.39026637,    493.76796268,      0.59537441, 1
    60,    824.53140292,    498.41590036,      0.56762495, 1
    70,    808.88659874,    501.71121723,      0.54047432, 1
    80,    790.56400253,    503.93876136,      0.53038807, 1
    90,    769.95650399,    504.98078965,      0.54869634, 1
   100,    747.59910064,    505.00172256,      0.57167845, 1
   110,    724.84412779,    504.21559745,      0.58802823, 1
   120,    703.19022975,    503.12345895,      0.60232224, 1
   130,    682.83833294,    502.14794082,      0.61869259, 1
   140,    664.32225739,    501.69079618,      0.64079511, 1
   150,    647.44219878,    502.06052324,      0.66141985, 1
   160,    631.03826151,    503.30133603,      0.67883933, 1
   170,    614.29054501,    505.37188866,      0.69785856, 1
   180,    596.36066962,    508.24764812,      0.71745448, 1
   190,    576.59671395,    511.89891731,      0.73549883, 1
   200,    554.25536790,    516.07003322,      0.75230902, 1
   210,    528.80474224,    520.28013002,      0.76624038, 1
   220,    500.01943805,    524.05519010,      0.77796553, 1
   230,    468.71763614,    526.71700742,      0.78933692, 1
   240,    436.70166409,    528.17832588,      0.79738351, 1
   250,    404.69259059,    529.19287961,      0.80065893, 1
   260,    373.41271797,    530.52830585,      0.80084066, 1
   270,    342.74393394,    532.32475957,      0.79854371, 1
   280,    313.05743158,    534.03607445,      0.79372522, 1
   290,    284.81774780,    534.59988819,      0.79218431, 1
   300,    258.84548086,    533.49289059,      0.78992842, 1
   310,    236.01502170,    531.21924201,      0.79032719, 1
   320,    216.10777920,    528.91762862,      0.79229725, 1
   330,    198.27348218,    527.26155928,      0.79734768, 1
   340,    181.84266271,    526.41631337,      0.80347739, 1
   350,    166.37530616,    526.33553940,      0.81174564, 1
   360,    151.51922690,    526.91837157,      0.82030872, 1
   370,    137.09832434,    528.02773823,      0.82987854, 1
   380,    123.00867791,    529.56006818,      0.84045865, 1
   390,    109.20128949,    531.45914796,      0.85104954, 1
   400,     95.63079384,    533.65772493,      0.85945131, 1
   410,     82.26800026,    536.08816028,      0.86747030, 1
   420,     69.03952392,    538.71915710,      0.87498513, 1
   430,     55.94672862,    541.47421477,      0.87995646, 1
   440,     42.95067428,    544.36664864,      0.88431065, 1
   450,     30.05364832,    547.37764695,      0.88889113, 1
   460,     17.19842200,    550.48364619,      0.89327114, 1
   470,      4.39396663,    553.67115368,      0.89730976, 1
   480,     -8.38608746,    556.94879951,      0.90203397, 1
   490,    -21.14682054,    560.33284007,      0.90900274, 1
   500,    -33.84158594,    563.81943483,      0.91653453, 1
   510,    -46.49893637,    567.36862837,      0.92499523, 1
   520,    -59.12502255,    570.97874947,      0.93357503, 1
   530,    -71.71919003,    574.61882073,      0.94204769, 1
   540,    -84.31138310,    578.24975443,      0.95177393, 1
   550,    -96.97566958,    581.81056672,      0.95929192, 1
   560,   -109.65007792,    585.35124135,      0.96567525, 1
   570,   -122.25914356,    588.87389371,      0.97297958, 1
   580,   -134.82289640,    592.35321650,      0.98144354, 1
   590,   -147.26537382,    595.89661391,      0.99169256, 1
   600,   -159.58274672,    599.46727713,      1.00000000, 1
ZONE DATAPACKING=POINT, T="G_   3420.0000 SECONDS", I=  61, SOLUTIONTIME=   3420.0000
     1,    896.49901411,    446.66412483,      0.37483596, 1
    10,    909.22658696,    451.94178235,      0.44643750, 1
    20,    919.43764381,    458.53713111,      0.52986743, 1
    30,    922.94018919,    464.69968086,      0.58230108, 1
    40,    922.36412202,    471.48720204,      0.64239441, 1
    50,    916.87234100,    478.60665917,      0.67600576, 1
    60,    906.47749821,    485.13620841,      0.67010578, 1
    70,    892.38911474,    490.67768427,      0.66187409, 1
    80,    874.89218149,    495.13168560,      0.66053436, 1
    90,    854.75477367,    498.25481184,      0.66428020, 1
   100,    832.82268207,    499.77600935,      0.65113905, 1
   110,    811.63492011,    499.97867338,      0.61664785, 1
   120,    792.31446893,    499.76913570,      0.59596660, 1
   130,    774.17816466,    499.39565923,      0.60923381, 1
   140,    757.35522371,    499.20003965,      0.63695810, 1
   150,    742.07075559,    499.57064965,      0.66033174, 1
   160,    727.75638133,    500.60339726,      0.68033105, 1
   170,    713.64326143,    502.30960585,      0.69994451, 1
   180,    698.94015241,    504.68731020,      0.71927721, 1
   190,    683.07839697,    507.68494504,      0.73654759, 1
   200,    665.18185451,    511.16426005,      0.75281355, 1
   210,    644.31546580,    514.97810098,      0.76536073, 1
   220,    620.33576591,    518.91874782,      0.78053239, 1
   230,    593.18726966,    522.66657185,      0.79412584, 1
   240,    563.62692248,    525.85315894,      0.80315618, 1
   250,    532.37706868,    528.03187585,      0.81320471, 1
   260,    500.66404729,    529.29091094,      0.81691964, 1
   270,    468.73128230,    529.91131233,      0.81983196, 1
   280,    437.40333175,    530.56433671,      0.82083206, 1
   290,    406.47508903,    531.98356392,      0.82010215, 1
   300,    375.58868507,    534.34490669,      0.81865678, 1
   310,    344.67936884,    537.09748988,      0.81684680, 1
   320,    314.54497968,    539.45840850,      0.81315108, 1
   330,    285.99264398,    540.55344739,      0.81337744, 1
   340,    259.81954201,    540.09529797,      0.81627352, 1
   350,    236.64861317,    538.68800565,      0.82111962, 1
   360,    216.18494038,    537.25693545,      0.82907099, 1
   370,    197.70189371,    536.41568215,      0.83686093, 1
   380,    180.65024470,    536.24519859,      0.84547936, 1
   390,    164.65137220,    536.73299933,      0.85416625, 1
   400,    149.46035447,    537.76728261,      0.86124651, 1
   410,    134.89127425,    539.25923641,      0.86832081, 1
   420,    120.71211838,    541.10465790,      0.87551473, 1
   430,    106.83774638,    543.21967895,      0.88073266, 1
   440,     93.17161511,    545.58670232,      0.88549098, 1
   450,     79.66994630,    548.14400937,      0.89139001, 1
   460,     66.31706172,    550.86043136,      0.89608521, 1
   470,     53.09137508,    553.73124502,      0.89851831, 1
   480,     39.96792165,    556.75109177,      0.90207462, 1
   490,     26.94040346,    559.94215017,      0.90853116, 1
   500,     14.00884402,    563.26447730,      0.91603772, 1
   510,      1.14594582,    566.69427374,      0.92448326, 1
   520,    -11.69634150,    570.19822079,      0.93377212, 1
   530,    -24.48350302,    573.76404541,      0.94237014, 1
   540,    -37.25351216,    577.34209304,      0.95106423, 1
   550,    -50.08706223,    580.83218290,      0.95825493, 1
   560,    -62.89938881,    584.32000688,      0.96439592, 1
   570,    -75.64245713,    587.82076872,      0.97118785, 1
   580,    -88.32707018,    591.33743396,      0.98031697, 1
   590,   -100.85167319,    594.88534890,      0.99082787, 1
   600,   -113.26305841,    598.43447502,      0.99807333, 1
ZONE DATAPACKING=POINT, T="G_   3600.0000 SECONDS", I=  61, SOLUTIONTIME=   3600.0000
     1,    941.11919450,    436.28473658,      0.31051047, 1
    10,    958.52965267,    441.90893057,      0.36500732, 1
    20,    973.67265173,    447.87977772,      0.43721356, 1
    30,    981.35106740,    452.86202037,      0.47743116, 1
    40,    985.33559482,    457.94299752,      0.53130101, 1
    50,    984.80854710,    463.54519196,      0.58218676, 1
    60,    978.95529366,    468.95682681,      0.62214915, 1
    70,    968.70101371,    474.07376155,      0.65386846, 1
    80,    954.22498167,    478.93356108,      0.69080095, 1
    90,    936.05835542,    483.34566323,      0.72060443, 1
   100,    915.66348344,    487.00476470,      0.72147349, 1
   110,    895.09154156,    489.40166256,      0.71792195, 1
   120,    875.21596972,    490.69640847,      0.72688412, 1
   130,    856.24408523,    491.45787442,      0.74187857, 1
   140,    838.97612178,    492.22803524,      0.74394827, 1
   150,    824.61271333,    493.60039747,      0.72713562, 1
   160,    812.41353669,    495.57581192,      0.71117658, 1
   170,    801.42398148,    498.02852894,      0.70392271, 1
   180,    790.60880057,    501.00720620,      0.71028904, 1
   190,    779.20597164,    504.39449349,      0.72634945, 1
   200,    766.22406216,    508.10860533,      0.74687777, 1
   210,    750.52889816,    511.98070581,      0.76520241, 1
   220,    731.45515486,    515.77028224,      0.78057664, 1
   230,    708.88011940,    519.28218673,      0.79393872, 1
   240,    683.23524718,    522.35246096,      0.80619189, 1
   250,    654.97808586,    524.94716306,      0.81751314, 1
   260,    624.92224579,    527.02007093,      0.82590280, 1
   270,    593.74802398,    528.52674235,      0.83058409, 1
   280,    562.67270762,    529.57464340,      0.83036516, 1
   290,    531.86109019,    530.35465883,      0.83368240, 1
   300,    501.57196924,    531.35822411,      0.83379868, 1
   310,    471.26964101,    532.81125845,      0.83579727, 1
   320,    440.78450239,    534.93241731,      0.83766115, 1
   330,    409.45880526,    537.70861020,      0.83950250, 1
   340,    377.25567412,    540.76715876,      0.84065167, 1
   350,    344.95578044,    543.63976642,      0.84342633, 1
   360,    313.87540139,    545.91242315,      0.84590744, 1
   370,    284.84315378,    547.10098418,      0.85173165, 1
   380,    258.47761756,    547.08724267,      0.85869250, 1
   390,    235.14685976,    546.43508273,      0.86520037, 1
   400,    214.52933583,    545.83532329,      0.87116586, 1
   410,    195.94154376,    545.70690877,      0.87658771, 1
   420,    178.82794970,    546.16671546,      0.88114429, 1
   430,    162.73871593,    547.15172540,      0.88466175, 1
   440,    147.39532158,    548.60803338,      0.88804807, 1
   450,    132.61460968,    550.38778671,      0.89259987, 1
   460,    118.18539186,    552.46911486,      0.89761478, 1
   470,    104.06660471,    554.82680764,      0.90070061, 1
   480,     90.26772074,    557.44332123,      0.90403156, 1
   490,     76.69595976,    560.29999705,      0.91028490, 1
   500,     63.30668348,    563.32989210,      0.91727744, 1
   510,     50.06412310,    566.48887143,      0.92533607, 1
   520,     36.94235708,    569.78009401,      0.93430507, 1
   530,     23.89144916,    573.17410544,      0.94246477, 1
   540,     10.90406001,    576.62675926,      0.95113992, 1
   550,     -2.11603666,    580.03942373,      0.95797496, 1
   560,    -15.12193018,    583.45615028,      0.96414439, 1
   570,    -28.00605270,    586.87314796,      0.97063174, 1
   580,    -40.79598000,    590.30023772,      0.97885198, 1
   590,    -53.41448234,    593.79446399,      0.98968991, 1
   600,    -65.91734022,    597.32228629,      0.99725773, 1
ZONE DATAPACKING=POINT, T="G_   3780.0000 SECONDS", I=  61, SOLUTIONTIME=   3780.0000
     1,    973.36943882,    428.43393591,      0.29878730, 1
    10,    994.52793075,    433.11580542,      0.33762602, 1
    20,   1013.97911252,    436.97928248,      0.40226931, 1
    30,   1025.31274071,    439.97733183,      0.44314778, 1
    40,   1033.33482291,    443.24837611,      0.50071979, 1
    50,   1036.79569849,    447.67256572,      0.55086670, 1
    60,   1034.71222266,    453.29294159,      0.58861122, 1
    70,   1028.59375697,    458.99566636,      0.61692882, 1
    80,   1018.32731137,    463.98161429,      0.63854744, 1
    90,   1004.31890101,    468.08709191,      0.66276350, 1
   100,    987.41923664,    471.30130726,      0.68769550, 1
   110,    969.22452801,    473.62473695,      0.70706988, 1
   120,    950.99845608,    475.20962656,      0.74210443, 1
   130,    932.89506167,    476.59855827,      0.77620566, 1
   140,    916.76771697,    478.32385735,      0.79461024, 1
   150,    903.56192508,    480.69828273,      0.80009996, 1
   160,    892.39423349,    483.78750151,      0.80340414, 1
   170,    882.62367263,    487.57457605,      0.80674743, 1
   180,    873.47198384,    492.04743336,      0.80798600, 1
   190,    864.15062071,    497.05572185,      0.80478336, 1
   200,    853.77857086,    502.32078265,      0.79817340, 1
   210,    841.32604592,    507.49368276,      0.79256047, 1
   220,    826.39165056,    512.22286182,      0.78751822, 1
   230,    809.00752325,    516.38301413,      0.78601939, 1
   240,    789.04991173,    519.97086579,      0.79673114, 1
   250,    765.85071950,    523.14714222,      0.81131929, 1
   260,    739.93521930,    525.56887319,      0.82413350, 1
   270,    711.98978528,    527.13547188,      0.83153395, 1
   280,    682.85316373,    528.14040489,      0.83624907, 1
   290,    653.10722286,    528.93733708,      0.84184075, 1
   300,    623.37069523,    529.79654904,      0.84550548, 1
   310,    593.69890183,    530.87989659,      0.84855370, 1
   320,    564.40252789,    532.38699679,      0.84885956, 1
   330,    534.87316642,    534.42991963,      0.85391967, 1
   340,    504.67026823,    537.07171112,      0.85713373, 1
   350,    473.42129580,    540.02425316,      0.86413203, 1
   360,    440.63423389,    542.98216492,      0.87047744, 1
   370,    406.53137789,    545.65136031,      0.87497839, 1
   380,    372.14964063,    548.02939962,      0.87643248, 1
   390,    338.82554224,    550.37899035,      0.87880547, 1
   400,    307.89828137,    552.44360331,      0.88274081, 1
   410,    279.63253215,    553.69664615,      0.88753757, 1
   420,    254.22362079,    554.12598103,      0.89291154, 1
   430,    231.60386497,    554.20124437,      0.89600177, 1
   440,    211.28642714,    554.37264494,      0.89874988, 1
   450,    192.65675675,    554.92244451,      0.90177545, 1
   460,    175.36166786,    555.96342429,      0.90545429, 1
   470,    159.07918418,    557.45779539,      0.90724988, 1
   480,    143.62950517,    559.35837707,      0.90925422, 1
   490,    128.75153169,    561.62226909,      0.91495268, 1
   500,    114.36138078,    564.18108641,      0.92177032, 1
   510,    100.39494944,    567.01116709,      0.92844389, 1
   520,     86.76237064,    570.07590541,      0.93585437, 1
   530,     73.29007427,    573.22466053,      0.94480252, 1
   540,     59.92267270,    576.44411528,      0.95412326, 1
   550,     46.56587949,    579.64647047,      0.96137056, 1
   560,     33.29945830,    582.89346481,      0.96691876, 1
   570,     20.22417392,    586.16148816,      0.97261267, 1
   580,      7.32698718,    589.46406711,      0.98020176, 1
   590,     -5.37435972,    592.85629327,      0.99068843, 1
   600,    -17.95084027,    596.30478791,      0.99806886, 1
ZONE DATAPACKING=POINT, T="G_   3960.0000 SECONDS", I=  61, SOLUTIONTIME=   3960.0000
     1,   1000.99146487,    419.56138427,      0.32950503, 1
    10,   1027.34573116,    421.33271347,      0.38207672, 1
    20,   1054.79324062,    421.88653101,      0.45145288, 1
    30,   1072.87198408,    424.01341160,      0.49380760, 1
    40,   1087.29547618,    427.81414563,      0.54469430, 1
    50,   1095.02198101,    432.60068992,      0.57795345, 1
    60,   1094.44101683,    437.48978036,      0.60304687, 1
    70,   1087.09128388,    441.34061858,      0.61111180, 1
    80,   1076.25756853,    444.70586961,      0.61816920, 1
    90,   1063.01039027,    447.38504604,      0.61344572, 1
   100,   1045.65566346,    453.33276335,      0.65027205, 1
   110,   1030.95739482,    458.86163380,      0.67390654, 1
   120,   1015.10625310,    461.24230912,      0.68375910, 1
   130,    999.31667936,    462.75834132,      0.70134251, 1
   140,    985.41908939,    464.16880471,      0.72500243, 1
   150,    974.36624965,    466.01201332,      0.74560022, 1
   160,    965.63418678,    468.55457567,      0.76852636, 1
   170,    958.48966062,    472.00200618,      0.79746771, 1
   180,    952.09328508,    476.46846440,      0.82470587, 1
   190,    945.59182335,    481.92612991,      0.83857252, 1
   200,    938.00993065,    488.18894990,      0.83678810, 1
   210,    928.29907016,    494.89519832,      0.82574429, 1
   220,    916.10877738,    501.45438347,      0.81284281, 1
   230,    901.39157964,    507.71296199,      0.80469451, 1
   240,    884.01156178,    513.50692021,      0.80519058, 1
   250,    863.96921713,    518.60535457,      0.80786921, 1
   260,    841.69258789,    522.65099791,      0.81297002, 1
   270,    817.84186621,    525.43782221,      0.81487245, 1
   280,    793.17170994,    527.34089095,      0.82256937, 1
   290,    767.34303069,    528.75976713,      0.83451264, 1
   300,    740.71349673,    529.73629567,      0.84313463, 1
   310,    713.38542695,    530.37515514,      0.84915291, 1
   320,    685.70607004,    531.10745116,      0.85388770, 1
   330,    657.52780992,    532.32555575,      0.86109603, 1
   340,    628.85901802,    534.19529863,      0.86719385, 1
   350,    599.39476406,    536.73207464,      0.87517417, 1
   360,    568.71369103,    539.75049011,      0.88195837, 1
   370,    536.60859158,    543.07476894,      0.88953717, 1
   380,    503.09578097,    546.28671103,      0.89335472, 1
   390,    468.52980246,    548.80654154,      0.89848087, 1
   400,    433.47276117,    550.66715591,      0.90105148, 1
   410,    398.79699651,    552.25495393,      0.90381330, 1
   420,    365.06124595,    554.03131688,      0.90422620, 1
   430,    332.78651699,    556.37497774,      0.90380064, 1
   440,    302.83271381,    558.69175080,      0.90583698, 1
   450,    275.20974179,    560.30794484,      0.90909873, 1
   460,    250.14924327,    561.35024835,      0.91340262, 1
   470,    227.76131701,    562.19201695,      0.91646386, 1
   480,    207.54300645,    563.15512475,      0.91968598, 1
   490,    189.00404494,    564.47789768,      0.92370102, 1
   500,    171.76498450,    566.24475880,      0.92890946, 1
   510,    155.59921959,    568.42793846,      0.93296129, 1
   520,    140.36476435,    570.97994785,      0.93942430, 1
   530,    125.73008906,    573.81823254,      0.94887429, 1
   540,    111.48816901,    576.80315414,      0.95804771, 1
   550,     97.45685145,    579.77256526,      0.96478892, 1
   560,     83.67117930,    582.76239563,      0.97025842, 1
   570,     70.19145759,    585.81673239,      0.97606295, 1
   580,     56.96621381,    588.96390556,      0.98283935, 1
   590,     44.03653407,    592.22171315,      0.99254460, 1
   600,     31.27652773,    595.54630602,      1.00000000, 1
ZONE DATAPACKING=POINT, T="G_   4140.0000 SECONDS", I=  61, SOLUTIONTIME=   4140.0000
     1,   1030.48438762,    408.95355151,      0.37778146, 1
    10,   1065.92741738,    409.16834778,      0.42658986, 1
    20,   1102.56791567,    411.95463114,      0.48793553, 1
    30,   1124.99607874,    416.11481233,      0.52121803, 1
    40,   1142.17669879,    421.40129998,      0.55727056, 1
    50,   1151.50089642,    426.94176639,      0.57133873, 1
    60,   1148.68173166,    432.62225412,      0.56639234, 1
    70,   1139.71952005,    436.71576562,      0.55753379, 1
    80,   1127.74585181,    440.03661121,      0.56077340, 1
    90,   1115.83739383,    442.22972281,      0.58206188, 1
   100,   1104.63153193,    442.87749659,      0.61971025, 1
   110,   1092.39000376,    442.70091399,      0.65865111, 1
   120,   1077.70672512,    442.52411520,      0.67931623, 1
   130,   1060.31760533,    443.68476044,      0.68671249, 1
   140,   1045.00366245,    447.19759448,      0.69859400, 1
   150,   1035.29420421,    451.08531228,      0.71503288, 1
   160,   1028.75650188,    454.41107116,      0.73310224, 1
   170,   1024.37721551,    457.96578906,      0.75556143, 1
   180,   1021.38618870,    462.10215977,      0.78158601, 1
   190,   1018.71162263,    466.88967618,      0.79787600, 1
   200,   1015.28688109,    472.22871426,      0.80505456, 1
   210,   1009.77472480,    478.15238251,      0.81272193, 1
   220,   1001.22566668,    484.61676173,      0.81734466, 1
   230,    989.76474035,    491.18845938,      0.82011205, 1
   240,    975.35810842,    497.80788523,      0.82131610, 1
   250,    958.01647840,    504.48380019,      0.82183249, 1
   260,    938.15852005,    510.77578530,      0.81907393, 1
   270,    916.61135166,    516.26171516,      0.81437544, 1
   280,    894.11048019,    520.94397097,      0.81482226, 1
   290,    870.94354828,    524.78041478,      0.81870638, 1
   300,    847.25423096,    527.69737370,      0.82460091, 1
   310,    823.27499696,    529.68642411,      0.82884774, 1
   320,    799.37602276,    531.17914061,      0.83726224, 1
   330,    774.92069469,    532.65294326,      0.85152923, 1
   340,    749.75267071,    534.23085933,      0.86238351, 1
   350,    723.26909952,    535.88071312,      0.87301775, 1
   360,    695.16325373,    537.76107438,      0.88253804, 1
   370,    665.27491361,    540.21472021,      0.89135273, 1
   380,    633.59451805,    543.19442780,      0.89749042, 1
   390,    600.42989796,    546.39202014,      0.90455859, 1
   400,    566.16662789,    549.40340351,      0.90925947, 1
   410,    531.42576351,    551.93549793,      0.91448602, 1
   420,    496.74936202,    553.74738163,      0.91686356, 1
   430,    462.30946223,    554.91986955,      0.91838880, 1
   440,    428.31387564,    556.04492101,      0.91738483, 1
   450,    394.63026555,    557.59053414,      0.92057999, 1
   460,    361.36279764,    559.68988516,      0.92191107, 1
   470,    329.24417269,    562.49374376,      0.92178429, 1
   480,    299.47448471,    565.29363014,      0.92364929, 1
   490,    272.16738702,    567.43868837,      0.92840111, 1
   500,    247.37156114,    569.26539446,      0.93203403, 1
   510,    225.31978629,    571.01139397,      0.93836831, 1
   520,    205.38635539,    572.86135673,      0.94584468, 1
   530,    187.01987355,    574.97108907,      0.95150353, 1
   540,    169.96634974,    577.36973970,      0.95934854, 1
   550,    153.77689130,    579.96146225,      0.96425903, 1
   560,    138.42219838,    582.79875012,      0.97045995, 1
   570,    123.80590785,    585.76732706,      0.97692436, 1
   580,    109.77583216,    588.80579299,      0.98329279, 1
   590,     96.29841207,    591.91141669,      0.99175116, 1
   600,     83.12620978,    595.06956853,      0.99764969, 1
ZONE DATAPACKING=POINT, T="G_   4320.0000 SECONDS", I=  61, SOLUTIONTIME=   4320.0000
     1,   1061.84846439,    399.18778937,      0.43450270, 1
    10,   1106.21201338,    401.26000223,      0.46586050, 1
    20,   1149.19804585,    405.77720337,      0.52982103, 1
    30,   1175.21776958,    410.59489920,      0.55269159, 1
    40,   1193.32333401,    416.56109548,      0.55982545, 1
    50,   1202.34375030,    422.57161413,      0.55421792, 1
    60,   1198.73366957,    428.49449644,      0.53580890, 1
    70,   1188.44879584,    433.02273023,      0.51266909, 1
    80,   1174.96923600,    436.74791391,      0.49987069, 1
    90,   1162.21825595,    439.08686962,      0.50684455, 1
   100,   1152.50038624,    439.54465796,      0.53745196, 1
   110,   1143.39610307,    438.92099592,      0.58433958, 1
   120,   1133.41421203,    437.73752665,      0.63538887, 1
   130,   1121.50474223,    436.72864286,      0.67536963, 1
   140,   1109.42622687,    436.20479204,      0.70289690, 1
   150,   1099.96223415,    436.83026103,      0.72509064, 1
   160,   1093.42380025,    438.49017599,      0.74389617, 1
   170,   1088.73077346,    441.07187725,      0.75772816, 1
   180,   1084.35303295,    444.72173474,      0.76699133, 1
   190,   1075.94432302,    449.70929203,      0.75037632, 1
   200,   1068.50446985,    467.14913555,      0.64945681, 1
   210,   1080.83470378,    467.97677601,      0.82305996, 1
   220,   1079.93631468,    473.90429549,      0.83108942, 1
   230,   1071.44961595,    479.70493735,      0.83198301, 1
   240,   1058.67855135,    484.75074345,      0.83067732, 1
   250,   1043.58440181,    489.47091496,      0.82645532, 1
   260,   1026.86179670,    494.52233818,      0.82378111, 1
   270,   1008.31453694,    499.88624836,      0.82168670, 1
   280,    988.32025101,    505.35477764,      0.82064747, 1
   290,    967.33644353,    510.76195328,      0.82058251, 1
   300,    945.71121307,    515.90076326,      0.82237299, 1
   310,    923.71491601,    520.49217766,      0.82370516, 1
   320,    901.88129081,    524.63689553,      0.82657300, 1
   330,    880.03269111,    528.45936879,      0.83246920, 1
   340,    857.88550224,    531.90408450,      0.84314182, 1
   350,    834.89576798,    534.97412853,      0.85600099, 1
   360,    810.90634284,    537.69779938,      0.86877027, 1
   370,    785.52172135,    540.45407047,      0.88440731, 1
   380,    758.09890431,    543.20271969,      0.89348590, 1
   390,    728.56484041,    545.63183718,      0.90133974, 1
   400,    696.91797934,    547.76950061,      0.90822734, 1
   410,    663.57092739,    549.96543224,      0.91446772, 1
   420,    629.22616623,    552.18061003,      0.91865570, 1
   430,    594.46882011,    554.23619567,      0.92222934, 1
   440,    559.82269187,    556.06152920,      0.92433787, 1
   450,    525.59923265,    557.63248396,      0.92775232, 1
   460,    492.02783890,    559.01800079,      0.93032998, 1
   470,    458.68993939,    560.30437707,      0.93187654, 1
   480,    425.31910057,    561.87223802,      0.93181987, 1
   490,    391.71380445,    564.00860042,      0.93821660, 1
   500,    358.02468237,    566.49764397,      0.94230448, 1
   510,    325.69892674,    569.71832393,      0.94627094, 1
   520,    296.23973119,    572.89254828,      0.94999176, 1
   530,    269.37696813,    575.44421189,      0.95567933, 1
   540,    245.05844826,    577.86738625,      0.95981259, 1
   550,    223.20862865,    580.30358277,      0.96543775, 1
   560,    203.37329471,    582.72089867,      0.97134977, 1
   570,    185.18822703,    585.26057017,      0.97612717, 1
   580,    168.43988437,    588.06037464,      0.98276961, 1
   590,    152.91440120,    591.15227631,      0.99123507, 1
   600,    138.28241305,    594.39551885,      0.99643367, 1
ZONE DATAPACKING=POINT, T="G_   4500.0000 SECONDS", I=  61, SOLUTIONTIME=   4500.0000
     1,   1092.24663181,    391.86826222,      0.47334908, 1
    10,   1143.92619701,    395.43063949,      0.51209892, 1
    20,   1193.31974730,    400.53195433,      0.55943407, 1
    30,   1221.67769125,    405.65026134,      0.56453170, 1
    40,   1240.71508794,    411.79565718,      0.56021658, 1
    50,   1250.39621123,    417.74366095,      0.55031957, 1
    60,   1246.38378481,    423.64558107,      0.53076258, 1
    70,   1235.00794641,    428.36386584,      0.50348623, 1
    80,   1220.25589083,    432.44643425,      0.48072022, 1
    90,   1206.82131384,    435.07614025,      0.47598955, 1
   100,   1197.15447749,    435.75125715,      0.49707699, 1
   110,   1189.28016470,    435.23370686,      0.53723317, 1
   120,   1181.18654983,    434.14752971,      0.58540993, 1
   130,   1171.50726392,    433.02256127,      0.63011152, 1
   140,   1161.66213578,    432.16731476,      0.66633683, 1
   150,   1153.47312603,    432.53702913,      0.69075756, 1
   160,   1147.25894360,    434.11971520,      0.70580094, 1
   170,   1141.96285052,    436.79750707,      0.71135739, 1
   180,   1134.54197289,    440.71474630,      0.69727818, 1
   190,   1117.72123797,    445.94380131,      0.62999023, 1
   200,   1101.03284973,    453.83639647,      0.74909240, 1
   210,   1131.81468644,    454.11120992,      0.85694118, 1
   220,   1146.42862324,    460.21633647,      0.87198770, 1
   230,   1148.08030691,    466.70917358,      0.86566205, 1
   240,   1140.99061228,    472.76158455,      0.85556112, 1
   250,   1129.13685035,    478.48667770,      0.84608586, 1
   260,   1113.54853128,    483.76859758,      0.83849359, 1
   270,   1095.23734690,    488.59288081,      0.83445662, 1
   280,   1075.26934909,    493.04506075,      0.83185831, 1
   290,   1054.78856726,    496.91032231,      0.82889193, 1
   300,   1034.96253346,    500.66731866,      0.82690846, 1
   310,   1015.40598957,    504.87759585,      0.82751444, 1
   320,    995.80281833,    509.52410708,      0.83017476, 1
   330,    976.00642376,    514.51120318,      0.83470875, 1
   340,    955.91134484,    519.70068922,      0.84065495, 1
   350,    935.28243289,    524.95104761,      0.84992506, 1
   360,    913.92399236,    530.11634906,      0.86029756, 1
   370,    891.55769190,    535.30272925,      0.87097418, 1
   380,    867.79816227,    540.20660012,      0.88287244, 1
   390,    842.35164162,    544.50893936,      0.89610811, 1
   400,    815.25632438,    548.04289683,      0.90771681, 1
   410,    786.28995210,    551.04077008,      0.91492103, 1
   420,    755.79175340,    553.20495090,      0.91850398, 1
   430,    723.95109029,    554.44190272,      0.92136863, 1
   440,    690.56628337,    555.38064708,      0.92499519, 1
   450,    656.28819607,    556.59246832,      0.92937686, 1
   460,    622.01770698,    558.06328619,      0.93286291, 1
   470,    588.09859457,    559.73194957,      0.93502274, 1
   480,    554.65583014,    561.60396148,      0.93794568, 1
   490,    521.60731326,    563.64442631,      0.94301525, 1
   500,    488.63539496,    565.74145800,      0.94810891, 1
   510,    455.15926933,    567.50154191,      0.95191510, 1
   520,    421.11102400,    569.37593282,      0.95684747, 1
   530,    386.79844878,    571.57305142,      0.96343788, 1
   540,    352.62084434,    574.02163260,      0.96975539, 1
   550,    320.25753294,    577.50325416,      0.97384429, 1
   560,    291.25913923,    580.74115018,      0.97692831, 1
   570,    264.99466782,    583.47576042,      0.98064484, 1
   580,    241.62644284,    586.32951596,      0.98426524, 1
   590,    221.10972741,    589.38774818,      0.99122800, 1
   600,    202.52101673,    592.47152310,      0.99762758, 1
ZONE DATAPACKING=POINT, T="G_   4680.0000 SECONDS", I=  61, SOLUTIONTIME=   4680.0000
     1,   1122.75857786,    386.23403050,      0.51567132, 1
    10,   1182.09157034,    390.28208433,      0.55098205, 1
    20,   1237.41536686,    395.61601594,      0.57517494, 1
    30,   1267.49798592,    400.79620836,      0.56754827, 1
    40,   1288.09778972,    406.92439914,      0.55722109, 1
    50,   1298.75457140,    412.79779044,      0.54389689, 1
    60,   1294.83245480,    418.62834107,      0.52505863, 1
    70,   1282.78701321,    423.42280321,      0.49844371, 1
    80,   1267.06702611,    427.68930231,      0.47608889, 1
    90,   1252.97542869,    430.48753943,      0.47040882, 1
   100,   1243.38408256,    431.13945993,      0.48918882, 1
   110,   1236.09672794,    430.47315771,      0.52618710, 1
   120,   1228.79519039,    429.27409900,      0.57124457, 1
   130,   1219.80135052,    428.22359069,      0.61188242, 1
   140,   1210.59148045,    427.59408682,      0.64314976, 1
   150,   1202.96692088,    428.10319268,      0.66424461, 1
   160,   1196.97283606,    429.78589294,      0.67523706, 1
   170,   1191.28805982,    432.55957771,      0.67405596, 1
   180,   1182.29708946,    436.60876808,      0.64902181, 1
   190,   1159.74530746,    442.25623206,      0.55992969, 1
   200,   1139.82432589,    447.31117978,      0.67063157, 1
   210,   1183.19785417,    445.27844663,      0.83938806, 1
   220,   1207.33117129,    450.16070299,      0.87169059, 1
   230,   1215.49206593,    456.26515174,      0.87220593, 1
   240,   1213.34830721,    462.14663317,      0.86506279, 1
   250,   1205.79130933,    467.82156511,      0.85622910, 1
   260,   1194.07293429,    473.02456890,      0.84815726, 1
   270,   1179.00381613,    477.75523867,      0.84120255, 1
   280,   1162.02110364,    482.08004721,      0.83664697, 1
   290,   1143.75104890,    486.09905402,      0.83412578, 1
   300,   1124.69096628,    489.92376655,      0.83367268, 1
   310,   1105.21941922,    493.66476589,      0.83515661, 1
   320,   1085.70448930,    497.50829697,      0.83759808, 1
   330,   1066.37193451,    501.41732270,      0.84011821, 1
   340,   1047.62061971,    505.42772112,      0.84413321, 1
   350,   1029.19015526,    509.95463009,      0.85151607, 1
   360,   1010.17656590,    515.15974857,      0.86120359, 1
   370,    990.13304244,    521.08302061,      0.87115866, 1
   380,    968.71954185,    527.47143127,      0.87941851, 1
   390,    945.80923715,    533.93364914,      0.88891512, 1
   400,    921.20512028,    540.14718686,      0.89923931, 1
   410,    895.33031138,    546.02056248,      0.90967090, 1
   420,    868.43363184,    551.01410479,      0.91855719, 1
   430,    840.38009873,    554.85086045,      0.92585393, 1
   440,    811.23401630,    557.52526329,      0.93157284, 1
   450,    781.03880962,    559.27250415,      0.93453013, 1
   460,    749.99375703,    560.09398156,      0.93511528, 1
   470,    718.00141303,    560.40343137,      0.93582654, 1
   480,    684.98997337,    560.98058281,      0.93938807, 1
   490,    651.60516772,    562.34772352,      0.94464395, 1
   500,    618.31264667,    564.26458401,      0.94898023, 1
   510,    584.98500278,    566.55342441,      0.95200811, 1
   520,    551.68194223,    569.15184721,      0.95683803, 1
   530,    518.05374805,    571.82457920,      0.96504365, 1
   540,    484.23784284,    574.07110638,      0.97298331, 1
   550,    449.53944585,    575.23783831,      0.97585029, 1
   560,    414.36319157,    576.68101398,      0.98161055, 1
   570,    380.01701575,    578.37457881,      0.98378856, 1
   580,    346.50953584,    580.84772923,      0.98907130, 1
   590,    316.27251308,    584.76400476,      0.99492084, 1
   600,    289.48214845,    588.20028525,      0.99905118, 1
ZONE DATAPACKING=POINT, T="G_   4860.0000 SECONDS", I=  61, SOLUTIONTIME=   4860.0000
     1,   1156.02677308,    381.00917970,      0.55244456, 1
    10,   1222.95958510,    385.61427583,      0.57556516, 1
    20,   1283.28405325,    390.81491057,      0.57909626, 1
    30,   1315.35037483,    395.99671405,      0.56705606, 1
    40,   1337.58358261,    402.12365086,      0.55402407, 1
    50,   1349.45261749,    407.83990045,      0.53950449, 1
    60,   1346.05811140,    413.53610866,      0.51977871, 1
    70,   1333.74493629,    418.37130671,      0.49268491, 1
    80,   1317.33185285,    422.71328976,      0.46980748, 1
    90,   1302.83629625,    425.54230828,      0.46508694, 1
   100,   1293.40810799,    426.13028393,      0.48439535, 1
   110,   1286.65773872,    425.29585997,      0.52095505, 1
   120,   1280.00990820,    423.92489228,      0.56542699, 1
   130,   1271.45052258,    422.79627820,      0.60608239, 1
   140,   1262.50202812,    422.16385949,      0.63762207, 1
   150,   1255.09196303,    422.66074794,      0.65862137, 1
   160,   1249.21292331,    424.29289745,      0.66858195, 1
   170,   1243.46481292,    427.00453717,      0.66527905, 1
   180,   1233.65064509,    431.15558994,      0.63531425, 1
   190,   1207.25418770,    437.72168843,      0.52900844, 1
   200,   1187.74707891,    441.82472436,      0.63196146, 1
   210,   1240.86322374,    437.85562188,      0.83261534, 1
   220,   1271.07178344,    441.97062655,      0.87093925, 1
   230,   1283.77822884,    447.62276056,      0.87343099, 1
   240,   1284.99960613,    453.14755098,      0.86711176, 1
   250,   1280.18974918,    458.56362860,      0.85781712, 1
   260,   1270.89510960,    463.57963788,      0.85003789, 1
   270,   1258.27073953,    468.08345981,      0.84489637, 1
   280,   1243.63461403,    472.20722965,      0.84115074, 1
   290,   1227.68350762,    476.06508281,      0.83924439, 1
   300,   1211.03053112,    479.73023661,      0.83980948, 1
   310,   1193.82169397,    483.28781989,      0.83935300, 1
   320,   1176.55769580,    486.84632838,      0.83953253, 1
   330,   1159.27324211,    490.56368124,      0.84139105, 1
   340,   1142.04249769,    494.52904902,      0.84616302, 1
   350,   1124.54969079,    498.77397308,      0.85332498, 1
   360,   1106.22799018,    503.35671749,      0.86208488, 1
   370,   1086.87968021,    508.39344039,      0.87155407, 1
   380,   1066.42886879,    513.75750481,      0.87986212, 1
   390,   1045.06259328,    519.39769058,      0.88806855, 1
   400,   1022.44675421,    525.36902285,      0.89584504, 1
   410,    998.38271616,    531.81842940,      0.90461881, 1
   420,    973.01720611,    538.38203740,      0.91036391, 1
   430,    946.72120232,    544.63718871,      0.91710246, 1
   440,    919.79027774,    550.52392061,      0.92480740, 1
   450,    892.57522578,    555.62420106,      0.93073695, 1
   460,    864.98628105,    559.70199909,      0.93730991, 1
   470,    836.79207467,    562.70372341,      0.94403074, 1
   480,    807.95378466,    564.75946564,      0.94961989, 1
   490,    778.50175075,    566.09182686,      0.95394341, 1
   500,    748.04553627,    566.77716045,      0.95358515, 1
   510,    716.61794409,    567.17528664,      0.95427938, 1
   520,    683.82849104,    568.09724564,      0.95701634, 1
   530,    650.10211553,    570.07862096,      0.96250393, 1
   540,    616.03751806,    572.48281222,      0.96776233, 1
   550,    581.22136088,    574.92187506,      0.97250919, 1
   560,    546.27695619,    577.40519955,      0.97705094, 1
   570,    511.82654965,    579.72351384,      0.98502366, 1
   580,    478.60467792,    581.17753559,      0.98975077, 1
   590,    445.60595918,    581.57848972,      0.99098932, 1
   600,    412.67765305,    582.89992042,      0.99675745, 1
ZONE DATAPACKING=POINT, T="G_   5040.0000 SECONDS", I=  61, SOLUTIONTIME=   5040.0000
     1,   1190.57970902,    376.40778185,      0.58039781, 1
    10,   1265.11954616,    381.14480980,      0.58559833, 1
    20,   1329.44423357,    386.22895436,      0.58093881, 1
    30,   1363.49766189,    391.50675613,      0.56619998, 1
    40,   1387.67951938,    397.40427864,      0.55231202, 1
    50,   1400.98474676,    402.98149691,      0.53835297, 1
    60,   1398.35795095,    408.57111079,      0.51815164, 1
    70,   1386.08691575,    413.37645749,      0.49103654, 1
    80,   1369.51195769,    417.72268945,      0.46698862, 1
    90,   1354.72239776,    420.57099657,      0.46017063, 1
   100,   1345.26748455,    421.05808021,      0.47854090, 1
   110,   1338.83811259,    420.08175578,      0.51491942, 1
   120,   1332.62159375,    418.57335359,      0.55928434, 1
   130,   1324.33026748,    417.36105457,      0.59958375, 1
   140,   1315.54897709,    416.65795581,      0.63069545, 1
   150,   1308.40843981,    417.06776493,      0.65194361, 1
   160,   1302.83073485,    418.60273535,      0.66239308, 1
   170,   1297.25323898,    421.22846249,      0.65959316, 1
   180,   1286.98163061,    425.40596416,      0.62991588, 1
   190,   1257.31296536,    432.68201317,      0.52269475, 1
   200,   1239.83854587,    436.09703354,      0.62056819, 1
   210,   1299.96783767,    430.57075538,      0.82951991, 1
   220,   1335.56229538,    434.10073653,      0.87024448, 1
   230,   1352.17968905,    439.43839185,      0.87348499, 1
   240,   1356.24384261,    444.65576984,      0.86685297, 1
   250,   1353.78969834,    449.79740428,      0.85735391, 1
   260,   1346.32776296,    454.66525634,      0.84981200, 1
   270,   1335.16863804,    459.11732629,      0.84571851, 1
   280,   1321.92554780,    463.21377301,      0.84405297, 1
   290,   1307.41937580,    466.99361848,      0.84226540, 1
   300,   1292.25936751,    470.51973582,      0.84015374, 1
   310,   1276.87237288,    473.90413311,      0.83937435, 1
   320,   1261.45207938,    477.34324444,      0.84117163, 1
   330,   1246.25523836,    480.95333204,      0.84334188, 1
   340,   1231.24957959,    484.80620852,      0.84746755, 1
   350,   1215.94827992,    488.97034405,      0.85399106, 1
   360,   1199.92446492,    493.39591594,      0.86109957, 1
   370,   1182.80153198,    498.13234491,      0.86961130, 1
   380,   1164.30151208,    503.13869933,      0.87791375, 1
   390,   1144.41197253,    508.34670962,      0.88664357, 1
   400,   1122.56079142,    513.63887141,      0.89539741, 1
   410,   1098.93547536,    519.14941309,      0.90495496, 1
   420,   1073.98866365,    524.70269482,      0.91120069, 1
   430,   1048.54050357,    530.24806772,      0.91459555, 1
   440,   1022.88433851,    535.92635880,      0.91882349, 1
   450,    996.84275913,    541.81589915,      0.92503450, 1
   460,    970.49620579,    547.70399032,      0.93010987, 1
   470,    943.79142621,    553.43227266,      0.93781228, 1
   480,    916.89199805,    558.90922386,      0.94505181, 1
   490,    890.14730176,    563.71146202,      0.95049169, 1
   500,    863.07942806,    567.74375632,      0.95675107, 1
   510,    835.42012378,    570.92009423,      0.96291823, 1
   520,    807.06740397,    573.30978498,      0.96795187, 1
   530,    777.72838073,    574.87670612,      0.97207944, 1
   540,    747.14657476,    575.59067929,      0.97400276, 1
   550,    714.41384071,    575.71468723,      0.97619418, 1
   560,    679.56681825,    576.39494486,      0.97597789, 1
   570,    644.40711444,    578.20476477,      0.97955329, 1
   580,    609.99118042,    580.03919054,      0.98187046, 1
   590,    576.22488470,    581.96374536,      0.98619868, 1
   600,    543.19573260,    584.11814700,      0.99128805, 1
ZONE DATAPACKING=POINT, T="G_   5220.0000 SECONDS", I=  61, SOLUTIONTIME=   5220.0000
     1,   1224.26780835,    372.40900069,      0.59943823, 1
    10,   1305.71285853,    377.04007464,      0.59249851, 1
    20,   1373.69591797,    382.05593970,      0.58242949, 1
    30,   1409.98249263,    387.16328344,      0.56583061, 1
    40,   1436.18895022,    392.85048087,      0.55205478, 1
    50,   1451.13219145,    398.22962686,      0.53772307, 1
    60,   1449.39862372,    403.74860836,      0.51692843, 1
    70,   1437.28217418,    408.59909698,      0.48881389, 1
    80,   1420.63429652,    412.99304385,      0.46475502, 1
    90,   1405.81491514,    415.79904117,      0.45861774, 1
   100,   1396.45177799,    416.21331455,      0.47729547, 1
   110,   1390.25700902,    415.11144290,      0.51352396, 1
   120,   1384.30076021,    413.44996586,      0.55730220, 1
   130,   1376.11557688,    412.09945960,      0.59665932, 1
   140,   1367.39536669,    411.31702942,      0.62697373, 1
   150,   1360.44718719,    411.66274868,      0.64763202, 1
   160,   1355.20114680,    413.11244576,      0.65765748, 1
   170,   1349.98242174,    415.65408043,      0.65447574, 1
   180,   1339.58285243,    419.81541543,      0.62417532, 1
   190,   1307.14009854,    427.55004827,      0.51684459, 1
   200,   1291.82910080,    430.32679737,      0.61598878, 1
   210,   1358.74432858,    423.81391522,      0.82710924, 1
   220,   1398.46509676,    427.01957430,      0.87077675, 1
   230,   1418.28845742,    431.99234746,      0.87362034, 1
   240,   1424.62974877,    436.99119644,      0.86712344, 1
   250,   1424.02821143,    442.01255833,      0.85769249, 1
   260,   1418.18177682,    446.75316750,      0.84949217, 1
   270,   1408.48623756,    451.03154319,      0.84342484, 1
   280,   1396.53144602,    454.95866507,      0.83992781, 1
   290,   1383.23335208,    458.55696611,      0.83898134, 1
   300,   1369.23959701,    461.94378092,      0.84069995, 1
   310,   1354.94497247,    465.24470662,      0.84178305, 1
   320,   1340.76875154,    468.60480772,      0.84258666, 1
   330,   1327.05667390,    472.15056261,      0.84574113, 1
   340,   1313.71268880,    475.93961968,      0.85025321, 1
   350,   1300.37016068,    480.02057059,      0.85469161, 1
   360,   1286.39341096,    484.35531777,      0.85931055, 1
   370,   1271.56542415,    489.07991609,      0.86633477, 1
   380,   1255.15586853,    494.03157655,      0.87348804, 1
   390,   1237.11099643,    499.07195491,      0.88170166, 1
   400,   1217.00043351,    504.10682880,      0.88999962, 1
   410,   1195.05508196,    509.20180630,      0.89852859, 1
   420,   1171.94776344,    514.27027870,      0.90611400, 1
   430,   1147.84092617,    519.27821815,      0.91241142, 1
   440,   1122.93438411,    524.24452632,      0.91992848, 1
   450,   1097.22313535,    529.24658556,      0.92646360, 1
   460,   1071.09140326,    534.28654188,      0.93037065, 1
   470,   1045.09236765,    539.48566284,      0.93403008, 1
   480,   1019.23330204,    544.99014786,      0.94075939, 1
   490,    993.29071857,    550.72084630,      0.94692066, 1
   500,    967.01895595,    556.58602827,      0.95220122, 1
   510,    940.31621888,    562.61862464,      0.95996966, 1
   520,    913.56075484,    568.48278154,      0.96385385, 1
   530,    886.81708361,    573.64626466,      0.96943884, 1
   540,    859.57265180,    577.96898102,      0.97599823, 1
   550,    831.31725445,    581.25097823,      0.98163471, 1
   560,    801.95261941,    583.40700884,      0.98410190, 1
   570,    771.73957949,    584.31548843,      0.98631665, 1
   580,    740.60899079,    584.04358909,      0.98881734, 1
   590,    708.17851827,    583.14810835,      0.98938137, 1
   600,    674.47130580,    583.27232639,      0.98989756, 1
ZONE DATAPACKING=POINT, T="G_   5400.0000 SECONDS", I=  61, SOLUTIONTIME=   5400.0000
     1,   1258.27844058,    368.70021713,      0.61148780, 1
    10,   1345.86316435,    373.11055394,      0.59666138, 1
    20,   1417.39438215,    378.00032454,      0.58272353, 1
    30,   1456.00026251,    382.89430386,      0.56543949, 1
    40,   1484.43817665,    388.31973368,      0.55191222, 1
    50,   1501.08044970,    393.55277281,      0.53760804, 1
    60,   1500.31065813,    398.98336784,      0.51680135, 1
    70,   1488.40946040,    403.82708743,      0.48845356, 1
    80,   1471.70211657,    408.24630959,      0.46385175, 1
    90,   1456.87599041,    411.07013599,      0.45685369, 1
   100,   1447.65893912,    411.44601547,      0.47481063, 1
   110,   1441.71170613,    410.25846489,      0.51096794, 1
   120,   1436.00214935,    408.49750995,      0.55512184, 1
   130,   1427.84837842,    407.08208676,      0.59516424, 1
   140,   1419.10458845,    406.24915855,      0.62589327, 1
   150,   1412.33784245,    406.52319736,      0.64647853, 1
   160,   1407.46115822,    407.88754006,      0.65615967, 1
   170,   1402.67823077,    410.34595185,      0.65257592, 1
   180,   1392.45608105,    414.47332644,      0.62243232, 1
   190,   1358.25941747,    422.50100781,      0.51250341, 1
   200,   1344.83622427,    424.65742156,      0.61024574, 1
   210,   1417.54399948,    417.47179761,      0.82601063, 1
   220,   1461.03183398,    420.23572132,      0.87005506, 1
   230,   1483.58853493,    424.90386051,      0.87410110, 1
   240,   1491.88674639,    429.80971443,      0.86812648, 1
   250,   1492.93415570,    434.76984808,      0.85902209, 1
   260,   1488.49111252,    439.41751461,      0.85137803, 1
   270,   1479.95807524,    443.57265198,      0.84560604, 1
   280,   1469.02363141,    447.35844578,      0.84163080, 1
   290,   1456.63523695,    450.82993036,      0.83946141, 1
   300,   1443.55929856,    454.10052772,      0.83933219, 1
   310,   1430.25304277,    457.27680146,      0.83971651, 1
   320,   1417.16285874,    460.50227368,      0.84013914, 1
   330,   1404.61217621,    463.92060711,      0.84261733, 1
   340,   1392.60801175,    467.59052698,      0.84753280, 1
   350,   1380.84882808,    471.57163341,      0.85458618, 1
   360,   1368.58685476,    475.84838221,      0.86251802, 1
   370,   1355.51021160,    480.54911872,      0.86926240, 1
   380,   1340.86970159,    485.50817397,      0.87413386, 1
   390,   1324.58925401,    490.54610678,      0.88038940, 1
   400,   1306.19377242,    495.50814644,      0.88734844, 1
   410,   1285.94098235,    500.44711728,      0.89535968, 1
   420,   1264.31491467,    505.26891174,      0.90148787, 1
   430,   1241.50116226,    509.95313217,      0.90652102, 1
   440,   1217.91015908,    514.56398864,      0.91177114, 1
   450,   1193.80205313,    519.15585985,      0.91736690, 1
   460,   1169.37018586,    523.76914773,      0.92457055, 1
   470,   1144.62162160,    528.44210579,      0.93155814, 1
   480,   1119.45904561,    533.22902259,      0.93937599, 1
   490,   1093.80266805,    538.21435706,      0.94729763, 1
   500,   1067.65723234,    543.40430559,      0.95267126, 1
   510,   1041.55582527,    549.00667732,      0.95909664, 1
   520,   1015.23458590,    554.96329674,      0.96368100, 1
   530,    988.65685282,    561.09641887,      0.96664483, 1
   540,    961.63152215,    567.56756015,      0.97447980, 1
   550,    933.86551901,    574.04805929,      0.97937863, 1
   560,    906.21265247,    580.06541894,      0.98079854, 1
   570,    878.80052974,    584.99961345,      0.98392330, 1
   580,    851.30716028,    588.82808674,      0.98769110, 1
   590,    823.65289425,    591.39180707,      0.99409807, 1
   600,    795.57707648,    592.70209852,      0.99686394, 1
ZONE DATAPACKING=POINT, T="G_   5580.0000 SECONDS", I=  50, SOLUTIONTIME=   5580.0000
     1,   1294.23252941,    365.05216577,      0.61960215, 1
    10,   1387.35831889,    369.27058564,      0.59990593, 1
    20,   1462.59350208,    373.93338827,      0.58279731, 1
    30,   1503.68277953,    378.58673591,      0.56527957, 1
    80,   1524.74708015,    403.48476136,      0.46413815, 1
    90,   1509.97782177,    406.29174122,      0.45687498, 1
   100,   1500.87913854,    406.60891313,      0.47462731, 1
   110,   1495.13012605,    405.33020350,      0.51051738, 1
   120,   1489.61295498,    403.46674927,      0.55442813, 1
   130,   1481.47698165,    401.96987830,      0.59433207, 1
   140,   1472.70513467,    401.07692703,      0.62503141, 1
   150,   1466.11939092,    401.29279911,      0.64558010, 1
   160,   1461.61474451,    402.59721453,      0.65515254, 1
   170,   1457.28786450,    405.00666449,      0.65124315, 1
   180,   1447.28747425,    409.15873046,      0.62008010, 1
   190,   1411.77859190,    417.46413433,      0.51017184, 1
   200,   1400.51481033,    419.12837574,      0.60851622, 1
   210,   1477.98531434,    411.21387641,      0.82533192, 1
   220,   1524.96405388,    413.66754698,      0.87001623, 1
   300,   1518.37081226,    446.79173031,      0.84136235, 1
   310,   1505.75948747,    449.87348196,      0.84010759, 1
   320,   1493.38449932,    452.98800516,      0.84092586, 1
   330,   1481.72086268,    456.27682641,      0.84346525, 1
   340,   1470.77983055,    459.81142253,      0.84799090, 1
   350,   1460.24158591,    463.67272493,      0.85486064, 1
   360,   1449.33888169,    467.83818659,      0.86227519, 1
   370,   1437.78684783,    472.41936729,      0.86889589, 1
   380,   1424.74163849,    477.24972632,      0.87431325, 1
   390,   1410.02991932,    482.18178657,      0.88100558, 1
   400,   1392.90666377,    487.11811949,      0.88637213, 1
   410,   1374.07239055,    492.08432515,      0.89223984, 1
   420,   1353.86753561,    496.90583599,      0.89871666, 1
   430,   1332.57753266,    501.56551260,      0.90389514, 1
   440,   1310.37441217,    506.06553901,      0.90892552, 1
   450,   1287.29585548,    510.38169248,      0.91488490, 1
   460,   1263.70850557,    514.61714677,      0.91977012, 1
   470,   1239.90984642,    518.85733609,      0.92424639, 1
   480,   1215.98480075,    523.20477783,      0.92858687, 1
   490,   1191.95540485,    527.76376731,      0.93601817, 1
   500,   1167.52527343,    532.54855856,      0.94492836, 1
   510,   1142.56561758,    537.51932591,      0.95176116, 1
   520,   1116.85712141,    542.67770734,      0.95853291, 1
   530,   1090.25362739,    548.08763505,      0.96543499, 1
   540,   1062.92434678,    553.83651853,      0.97288833, 1
   550,   1035.29518251,    559.98378305,      0.97680978, 1
   560,   1007.55965146,    566.29421362,      0.97552211, 1
   570,    979.63407612,    572.74095534,      0.98198789, 1
   580,    951.72909101,    579.22513966,      0.98423721, 1
   590,    924.50028083,    585.72931554,      0.98965015, 1
   600,    898.14744802,    591.15966129,      0.99222344, 1
ZONE DATAPACKING=POINT, T="G_   5760.0000 SECONDS", I=  33, SOLUTIONTIME=   5760.0000
     1,   1331.19959243,    361.51691396,      0.62471509, 1
    10,   1429.53882585,    365.49611646,      0.60179537, 1
    20,   1508.63577185,    369.85246786,      0.58210144, 1
   150,   1520.93775779,    396.12166590,      0.64541747, 1
   160,   1516.81645654,    397.35554201,      0.65484931, 1
   170,   1512.97378999,    399.69945632,      0.65085842, 1
   180,   1503.24298380,    403.84094326,      0.61957099, 1
   190,   1466.51459431,    412.39915320,      0.50846277, 1
   200,   1457.39622599,    413.64764137,      0.60616941, 1
   370,   1518.66706361,    464.81122914,      0.86800162, 1
   380,   1506.74395284,    469.56283112,      0.87241946, 1
   390,   1493.26818261,    474.40817598,      0.87924751, 1
   400,   1477.46044934,    479.25060968,      0.88518206, 1
   410,   1459.74997741,    484.12271309,      0.89158515, 1
   420,   1440.53255722,    488.85798771,      0.89676936, 1
   430,   1420.23148546,    493.43315245,      0.90164108, 1
   440,   1399.12426627,    497.86843348,      0.90730157, 1
   450,   1377.32178382,    502.18105391,      0.91284135, 1
   460,   1355.09201480,    506.41086353,      0.91783697, 1
   470,   1332.45432429,    510.61729942,      0.92246408, 1
   480,   1309.46070271,    514.81820469,      0.92742445, 1
   490,   1286.16165884,    519.02001797,      0.93431900, 1
   500,   1262.44241879,    523.27735186,      0.94023203, 1
   510,   1238.28465105,    527.65587625,      0.94523944, 1
   520,   1213.68805165,    532.22556015,      0.94851694, 1
   530,   1188.66697192,    537.15386162,      0.95521782, 1
   540,   1162.93798871,    542.42576051,      0.96298887, 1
   550,   1136.22444747,    547.61714702,      0.96621205, 1
   560,   1108.40231475,    553.02694118,      0.96938173, 1
   570,   1080.12791179,    558.68740997,      0.97397305, 1
   580,   1051.89519395,    564.90259884,      0.97843798, 1
   590,   1024.65101226,    571.18316588,      0.98335493, 1
   600,    997.48789425,    577.22238004,      0.98578518, 1
ZONE DATAPACKING=POINT, T="G_   5940.0000 SECONDS", I=  23, SOLUTIONTIME=   5940.0000
     1,   1367.30190971,    358.13093868,      0.62901457, 1
    10,   1470.81431770,    361.82373062,      0.60328511, 1
   190,   1520.70505972,    407.41220194,      0.50847944, 1
   200,   1513.63684550,    408.27289799,      0.60593552, 1
   420,   1523.54068126,    481.42655211,      0.89898488, 1
   430,   1504.19498167,    485.90952707,      0.90122986, 1
   440,   1483.99779301,    490.26379628,      0.90613113, 1
   450,   1463.06375377,    494.48473644,      0.91109957, 1
   460,   1441.65095965,    498.60464393,      0.91633046, 1
   470,   1419.96383586,    502.74594953,      0.92112754, 1
   480,   1398.03736051,    506.92579727,      0.92680649, 1
   490,   1375.88980258,    511.15119721,      0.93374981, 1
   500,   1353.12136573,    515.42575913,      0.93942690, 1
   510,   1329.77355613,    519.76438409,      0.94456556, 1
   520,   1305.90828228,    524.08354283,      0.94982174, 1
   530,   1281.39240415,    528.46296361,      0.95536725, 1
   540,   1256.04099285,    532.93810013,      0.96001144, 1
   550,   1229.92000645,    537.31702488,      0.96095020, 1
   560,   1203.25731164,    542.09827738,      0.96030588, 1
   570,   1176.60869045,    547.26610389,      0.96369808, 1
   580,   1149.89230900,    552.57655696,      0.96815382, 1
   590,   1123.01627364,    557.65073941,      0.97289402, 1
   600,   1095.50938860,    563.05986145,      0.97740672, 1
ZONE DATAPACKING=POINT, T="G_   6120.0000 SECONDS", I=  17, SOLUTIONTIME=   6120.0000
     1,   1402.98174739,    354.92583060,      0.63234938, 1
    10,   1511.54717909,    358.21422418,      0.60447570, 1
   460,   1525.09174935,    491.46063195,      0.91750312, 1
   470,   1504.18676681,    495.49264316,      0.92068619, 1
   480,   1482.98896024,    499.55051336,      0.92593296, 1
   490,   1461.56328969,    503.68358074,      0.93306169, 1
   500,   1439.62667109,    507.88029280,      0.93957824, 1
   510,   1417.18848779,    512.19806855,      0.94490968, 1
   520,   1394.14568675,    516.57587469,      0.94964132, 1
   530,   1370.27279342,    520.99283534,      0.95518410, 1
   540,   1345.52323429,    525.40828415,      0.96019277, 1
   550,   1319.99343254,    529.67679399,      0.96314809, 1
   560,   1293.78678434,    533.94964865,      0.96364174, 1
   570,   1267.50972144,    538.20875775,      0.96511285, 1
   580,   1241.30355869,    542.43209499,      0.96654870, 1
   590,   1215.07028078,    546.78281215,      0.96795595, 1
   600,   1188.80003039,    551.72886318,      0.97057528, 1
ZONE DATAPACKING=POINT, T="G_   6300.0000 SECONDS", I=  12, SOLUTIONTIME=   6300.0000
     1,   1439.70876206,    351.71153535,      0.63415671, 1
   500,   1524.47933505,    500.96650844,      0.93947456, 1
   510,   1502.64525048,    505.14532987,      0.94448941, 1
   520,   1480.21784338,    509.38666584,      0.94985560, 1
   530,   1456.94470759,    513.72616706,      0.95544076, 1
   540,   1432.81946677,    518.13414312,      0.96019955, 1
   550,   1407.83998487,    522.40766143,      0.96297336, 1
   560,   1382.18290843,    526.70004312,      0.96388748, 1
   570,   1356.38008582,    530.88975185,      0.96662202, 1
   580,   1330.51781710,    535.03934474,      0.96879553, 1
   590,   1304.90813836,    539.08098096,      0.97255465, 1
   600,   1279.03105045,    543.18651374,      0.97577959, 1
ZONE DATAPACKING=POINT, T="G_   6480.0000 SECONDS", I=   8, SOLUTIONTIME=   6480.0000
     1,   1477.31946608,    348.49458862,      0.63532679, 1
   540,   1518.39025376,    511.42152665,      0.96074459, 1
   550,   1493.88085190,    515.52779002,      0.96389461, 1
   560,   1468.62192418,    519.71115879,      0.96418351, 1
   570,   1443.25565066,    523.87352563,      0.96579566, 1
   580,   1417.86379585,    528.01048272,      0.96842675, 1
   590,   1392.65407538,    532.05653265,      0.97212725, 1
   600,   1367.05133743,    536.13368507,      0.97601895, 1
ZONE DATAPACKING=POINT, T="G_   6660.0000 SECONDS", I=   4, SOLUTIONTIME=   6660.0000
     1,   1514.60977965,    345.32093152,      0.63686451, 1
   580,   1502.39650840,    521.47328025,      0.96896358, 1
   590,   1477.42094097,    525.38863437,      0.97244101, 1
   600,   1452.13288268,    529.43549755,      0.97600396, 1
